31.767196464538575
28.951539103190104
29.87743403116862
26.681705284118653
25.431980578104653
27.17504145304362
28.374737803141276
29.54195384979248
26.789953676859536
25.8156764348348
29.474243481953938
26.759578514099122
29.824534861246743
26.753587404886883
27.91695607503255
27.80262457529704
27.216633860270182
27.554853439331055
26.063016255696613
27.142652893066405
27.715597343444824
28.114488283793133
26.101735051472982
29.14900697072347
29.01884822845459
25.841699854532877
25.84557336171468
27.21672134399414
28.988990275065103
27.287322171529134
26.829688135782877
27.44414825439453
25.44549102783203
25.102221743265787
28.93305492401123
25.689613342285156
27.135452779134116
25.080675633748374
24.58231169382731
27.16132221221924
26.1729642868042
29.33948866526286
25.871338017781575
26.73959992726644
27.43957799275716
28.37464173634847
29.029199155171714
24.957906341552736
27.495077578226724
28.493168703715007
27.669027773539224
26.901828002929687
27.02392578125
25.42583522796631
25.646646817525227
29.347392972310384
26.456957054138183
24.953734397888184
28.44663651784261
26.03389097849528
25.540465100606283
25.379789924621583
28.51653334299723
26.235302289326984
28.521013450622558
26.509604263305665
25.01495107014974
27.571758460998534
27.76357301076253
26.1229461034139
28.113323720296226
28.990129407246908
28.876019350687663
26.13392734527588
25.765353965759278
27.87329184214274
25.0267972946167
30.80564301808675
26.950883611043295
25.587655131022135
26.26869144439697
26.498931884765625
27.31903508504232
26.757475344340005
25.791487630208334
26.994618924458823
27.052853266398113
27.724380938212075
24.112033716837566
26.227822240193685
25.824060249328614
24.911359469095867
27.18263168334961
27.385876909891763
22.67229461669922
26.81430861155192
26.70249474843343
27.164864667256673
25.860975964864096
28.33894182840983
27.166503842671712
25.342582130432127
26.833599344889322
27.493996556599935
28.61453653971354
26.926106452941895
28.277716191609702
25.308158429463706
27.016967709859212
30.703839619954426
24.412287203470864
25.162917772928875
26.29150816599528
27.931324513753257
23.90986874898275
30.58411153157552
26.75427811940511
26.8386962890625
24.98372631072998
27.02834440867106
27.20055160522461
29.469052441914876
26.27307548522949
24.420775349934896
26.86893056233724
27.432767232259113
25.15654602050781
30.081170082092285
27.16088097890218
26.399844233194987
25.207193883260093
25.566962814331056
27.20293165842692
25.91864267985026
25.07391777038574
25.48154468536377
24.897518348693847
24.658379999796548
27.52738812764486
25.003338368733726
26.619961166381835
27.637478001912434
25.914326413472494
25.85493621826172
25.49548734029134
27.044811248779297
26.1106569925944
25.098000272115073
29.314790852864583
27.946487998962404
26.25903065999349
25.221449025472005
25.435737291971844
27.816223271687825
25.407515144348146
28.051651128133138
23.99164810180664
28.11602045694987
25.88803202311198
28.11220728556315
25.281631406148275
24.62055695851644
24.11655464172363
26.355910110473634
27.365709431966145
27.2397944132487
26.01291675567627
27.089206250508628
26.801692771911622
26.900975227355957
27.82630621592204
26.201839129130047
27.96368516286214
27.00011984507243
26.092810185750327
26.061861038208008
26.21233704884847
23.877024205525718
25.531716283162435
25.516914494832356
25.52024091084798
23.492336972554526
24.58716360727946
27.96637643178304
30.37212416330973
26.078383191426596
26.70384953816732
27.271293703715006
28.70601812998454
28.831098620096842
25.9015043258667
24.184497578938803
25.34833017985026
25.06102917989095
25.794318453470865
26.206016222635906
25.785556475321453
26.58054313659668
28.76957130432129
26.3607453028361
25.73749720255534
27.093168385823567
27.91598924001058
25.601411437988283
26.30086307525635
25.293685468037925
29.360572306315103
25.99017194112142
26.162030601501463
24.640318234761555
27.7209654490153
22.819206746419272
26.773941802978516
27.02109540303548
26.356642723083496
29.359675216674805
26.879241752624512
29.91940466562907
24.906381797790527
26.525517972310386
25.997256914774578
27.437659581502277
27.9477076848348
26.87071533203125
26.13952089945475
25.014490381876627
26.77156785329183
27.249530220031737
25.5919828414917
23.269278144836427
26.681308937072753
25.937952931722005
23.00878111521403
27.925578689575197
24.184128061930338
22.61022516886393
24.695495986938475
28.781374104817708
28.3044838587443
27.365695254007974
26.544354756673176
24.971018854777018
26.687179311116537
26.71701323191325
23.915025202433267
26.017789777119955
24.194867769877117
25.83465150197347
25.72249959309896
27.219849141438804
29.146108182271323
25.57932472229004
25.48790798187256
28.53529230753581
26.042472648620606
25.83449846903483
27.055262438456218
28.80311813354492
25.33759771982829
26.331245040893556
27.424792353312174
23.60433031717936
27.430461247762043
24.6542267481486
27.229534085591634
27.756280263264973
27.40170841217041
25.309203084309896
24.682181104024252
24.95473181406657
26.269811375935873
26.6197634379069
23.902479235331217
27.57791741689046
25.44219341278076
28.15785395304362
27.960018412272134
24.40006300608317
27.438831456502278
24.705688031514487
24.903530184427897
26.462803904215495
25.643567085266113
28.232600084940593
25.76123154958089
24.708757400512695
25.002546501159667
27.024313100179036
26.457022031148274
27.118432172139485
26.375569534301757
27.662014452616372
25.01221135457357
26.239704767862957
24.5011163075765
29.01604804992676
24.38432019551595
25.147886339823405
28.115287081400552
23.89859046936035
28.5971274693807
25.32123597462972
27.096268781026204
28.011788431803385
25.873391532897948
26.631264368693035
26.99924570719401
29.18565667470296
25.777077547709148
26.603433736165364
27.80796038309733
27.01228510538737
27.505192693074545
24.495778783162436
27.641887283325197
25.718323071797688
29.21088498433431
25.42066682179769
23.523641077677407
27.265614573160807
26.04962946573893
26.550523249308267
26.96487986246745
23.89699141184489
25.955485026041668
24.606469853719076
25.180421956380208
25.519771575927734
26.781072743733723
25.413051478068034
25.865007464090983
23.23207378387451
24.74357140858968
25.01964060465495
24.04726791381836
25.12255115509033
27.511960474650063
26.251260566711426
27.112203470865886
26.12425969441732
24.006927903493246
27.37713279724121
27.23705883026123
24.997631454467772
25.00324204762777
26.12721996307373
25.58866793314616
25.705868339538576
22.561970710754395
26.20812555948893
28.751216189066568
27.625585492451986
28.064676602681477
25.4456205368042
24.943368021647135
26.415810839335123
23.866075134277345
23.949026425679524
26.330169741312663
26.587406412760416
25.567540168762207
27.060199165344237
26.880289840698243
24.670217068990073
24.40087471008301
26.68875617980957
25.605624516805012
21.86415646870931
23.03784465789795
28.787100664774577
24.605115699768067
25.956409327189128
29.62083295186361
24.319820404052734
25.789979298909504
24.455965423583983
26.705564562479655
25.891206614176433
25.600126012166342
27.494504483540855
26.44164530436198
25.77333666483561
25.684828758239746
26.399341265360516
25.305146916707358
26.205094846089683
25.186851692199706
26.949778048197427
24.681451288859048
26.755120913187664
28.502105394999187
26.45163319905599
24.795590019226076
24.542670313517252
27.137617174784342
25.518356450398763
28.621154657999675
26.24963633219401
24.334738159179686
25.047892761230468
26.370527331034342
25.297668902079263
25.033224232991536
24.62125670115153
27.35596580505371
25.161095174153647
26.804503695170084
25.626669692993165
26.18296546936035
26.47237663269043
24.632663408915203
25.85706272125244
26.536906305948893
26.592854245503744
26.392742411295572
26.701806767781576
25.587303352355956
26.702324549357098
26.7525120417277
29.942877769470215
26.652811559041343
25.206761678059895
27.041935221354166
28.932279332478842
25.64711138407389
23.986430867513022
24.238022740681966
25.3128199895223
25.21278133392334
23.90170758565267
24.299826749165852
26.566855494181315
23.648392550150554
25.987848726908364
28.084063784281412
23.406260999043784
26.21763744354248
24.1632506052653
23.452794965108236
25.904934438069663
25.101507822672527
26.92469743092855
25.565059916178384
27.586906941731772
26.0626007715861
26.074341328938804
27.201281356811524
26.24310696919759
23.965383275349936
27.622290802001952
28.01072552998861
23.363009897867837
25.226436424255372
26.151881980895997
24.58000513712565
24.477171579996746
24.685267066955568
28.295665804545084
24.664154052734375
27.35578982035319
29.996165339152018
27.342325146993
27.17497011820475
25.0933713277181
25.075183296203612
25.666691970825195
25.163951301574706
26.835766792297363
25.138401985168457
23.563356844584145
25.889047368367514
27.54953238169352
26.111169624328614
24.63831024169922
26.483321634928384
27.075333913167317
23.055199114481606
26.941629028320314
22.827095985412598
26.523485692342124
25.44820957183838
25.31183319091797
26.54659996032715
25.169399770100913
26.653469212849934
26.384814008076987
22.290790303548178
28.387310536702476
23.558514086405435
24.77987289428711
24.92403252919515
27.390628306070962
24.13586819966634
26.29225444793701
28.047196706136067
27.098391977945962
25.70202751159668
23.812385177612306
25.381591987609863
27.05956128438314
26.963977241516112
22.53585631052653
25.57892436981201
27.113215510050455
28.13152815500895
26.7873171488444
