98.84839617411295
69.65161348978678
58.26362838745117
57.73745854695638
57.33075993855794
52.42039210001628
52.11605555216472
56.66850789388021
49.55019022623698
48.67686144510905
48.818111928304035
40.21775588989258
50.20765075683594
46.23800328572591
45.22064577738444
42.908623695373535
49.156141153971355
44.78248659769694
41.6726271311442
42.475528208414715
39.84774500528972
44.795471572875975
42.02221514383952
45.016745503743486
45.23278579711914
43.228227615356445
44.77134450276693
41.19780286153158
43.14579696655274
42.300245094299314
42.8673641204834
39.5113213857015
39.48001263936361
44.939972686767575
42.48670323689779
42.638675435384116
38.59541498819987
43.250084431966144
43.91516367594401
47.59132308959961
44.205174128214516
46.75024922688802
47.242269388834636
40.44630317687988
43.301780700683594
43.89716720581055
39.512522824605306
46.01375363667806
43.24813410441081
40.41281394958496
38.8584701538086
42.86624844868978
41.512625249226886
40.99900767008464
38.366843668619794
45.770121002197264
43.02151718139648
37.11189181009929
41.226952107747394
39.7869691212972
39.027891095479326
39.20364316304525
39.89480044047038
42.40960642496745
41.61425514221192
39.988270632425944
42.7236941019694
42.475073941548665
36.67023099263509
87.14833450317383
69.68731155395508
60.1721186319987
62.41537640889486
57.22813873291015
49.31745719909668
50.192877451578774
55.173716990153
50.401127370198566
48.4575496673584
50.68961181640625
44.501840337117514
45.45100612640381
46.99114456176758
47.62365188598633
43.85351066589355
43.577812576293944
40.498348299662275
45.748199717203775
47.57781480153402
40.54999720255534
41.05467567443848
43.805304590861006
43.87165247599284
41.87621752421061
46.15675163269043
45.72557182312012
42.1170269648234
41.22097880045573
41.13593660990397
44.18755912780762
46.54637819925944
43.70413386027018
38.32503108978271
47.31029256184896
41.4405158996582
41.023865381876625
41.71587905883789
48.409532674153645
35.62133992513021
43.01365013122559
44.453782908121745
40.1711664835612
41.808011817932126
43.829437764485675
42.534677759806314
47.40917599995931
40.56132888793945
44.358957290649414
40.68585395812988
43.068123245239256
45.84831186930339
41.26498209635417
41.4590576171875
43.625938669840494
35.34660498301188
36.890855916341145
44.12047742207845
40.85907554626465
38.20808397928874
39.90774396260579
39.127584266662595
43.93988978068034
38.3688632329305
39.35489298502604
39.13440589904785
42.036552302042644
40.386727523803714
37.03309885660807
41.118534596761066
39.41702868143717
38.37438799540202
40.31730600992839
34.11516284942627
40.16146424611409
43.50328305562337
42.76602427164713
39.845889536539715
40.43546409606934
42.75354169209798
41.35059153238932
42.64530817667643
41.82338415781657
44.016195424397786
42.65927009582519
42.29816716512044
37.45724741617838
42.14750696818034
40.43531036376953
40.75218340555827
36.407143910725914
38.34816710154215
39.824408594767256
40.13394711812337
35.39947325388591
42.78284657796224
38.04744288126628
38.82489496866862
38.88576634724935
39.5419059753418
37.92131633758545
38.403937911987306
37.20182456970215
42.0776081720988
35.514414151509605
37.06223487854004
36.778838348388675
35.410750198364255
39.52008921305339
38.02308756510417
39.25148938496908
36.889947001139326
38.588374328613284
38.17319157918294
37.80994021097819
35.525524075826006
36.28535461425781
37.04395345052083
34.27895679473877
35.52675151824951
35.95785045623779
39.34418818155925
40.497751998901364
37.41884199778239
36.764358838399254
39.28651657104492
39.42276089986165
40.58066825866699
39.587307866414385
35.49457753499349
38.43671913146973
37.79099235534668
37.48216921488444
37.33231735229492
38.477440643310544
38.283277320861814
38.05894915262858
40.59419949849447
35.6785161336263
37.92635434468587
37.62174752553304
41.29019444783528
39.01141827901204
38.36914621988932
37.15219713846842
36.00898787180583
39.32687473297119
40.01512845357259
39.07201677958171
42.32085940043132
40.411699549357095
41.02866789499919
34.44170824686686
37.10080909729004
40.679281616210936
35.68113212585449
36.12890021006266
38.176475524902344
34.61832160949707
36.30412063598633
37.13191515604655
37.095987447102864
40.50468769073486
39.72210248311361
36.5638432820638
35.87127507527669
35.1682076772054
38.60082740783692
40.480218251546226
36.96679420471192
35.45464808146159
40.43932914733887
35.80617307027181
38.3119088490804
37.69451802571614
37.51027011871338
36.10260747273763
36.23661003112793
37.27546971638997
35.867410532633464
36.482077534993486
36.90588137308757
35.18719628651937
36.38582280476888
33.418827565511066
35.43715241750081
34.94952227274577
33.57116622924805
36.86065813700358
37.067053349812824
36.47257982889811
38.008551534016924
33.75713221232096
39.21193313598633
37.62889003753662
37.94069271087646
34.10380032857259
35.54822285970052
36.51858393351237
31.99665667215983
35.55773188273112
38.50875422159831
35.879458618164065
34.62156766255696
34.36834227244059
32.73173294067383
34.73521194458008
40.95691858927409
34.36816215515137
33.87337557474772
36.772392400105794
37.785311444600424
38.25621172587077
36.07598660786947
34.23144143422444
34.20574588775635
39.190215555826825
34.90277652740478
37.36665395100911
32.82779210408528
33.89407507578532
35.9340882619222
31.187918853759765
35.288743591308595
33.663659540812176
37.13532002766927
35.23947982788086
40.673116556803386
33.19648742675781
35.22458979288737
35.14790267944336
38.480373509724934
36.138397280375166
35.23671048482259
38.46587842305501
35.380181248982744
35.55734799702962
33.05952021280925
38.99269472757975
39.19758656819661
38.050347391764326
34.28633766174316
34.23956190745036
36.29734331766765
30.640693600972494
35.164244906107584
38.6227076848348
34.20598233540853
31.537209765116373
36.59097595214844
34.63523120880127
39.530355580647786
36.76269238789876
34.42784907023112
35.63394330342611
30.182148869832357
35.38203703562419
31.84957071940104
33.35339139302572
34.633613204956056
33.162188339233396
35.37386487325033
35.60259876251221
34.66817010243734
33.95130653381348
33.77324333190918
35.455129305521645
33.33698482513428
34.11151485443115
32.93629576365153
37.29324277242025
31.3335781733195
34.00646572113037
36.05728340148926
39.553280194600426
35.512023544311525
34.63606046040853
35.734195454915366
36.034546534220375
37.01653518676758
33.05005620320638
34.991673151652016
33.803013229370116
36.5038257598877
35.61491114298503
35.01852200826009
32.60006103515625
34.617325973510745
33.68906784057617
36.983146540323894
36.69625403086344
36.73852462768555
33.082191403706865
36.362687301635745
33.580912272135414
33.675960032145184
32.70758908589681
33.05494817097982
35.885009956359866
37.5144765218099
31.708390935262045
36.97886301676432
32.32294623057047
35.324143727620445
32.02317479451497
31.31281509399414
39.06378313700358
34.1047705968221
31.73856194814046
33.49077059427897
33.53578834533691
35.527581787109376
33.383856010437015
34.247107696533206
35.81130097707113
32.80626163482666
34.123512522379556
31.233496856689452
34.25016924540202
33.21135457356771
31.3065523147583
36.49964644114176
30.878078651428222
31.737621370951334
36.0526237487793
32.98194669087728
36.24255199432373
29.763261985778808
31.706854184468586
32.25892683664958
32.8185759862264
30.233804512023926
34.34970111846924
32.443826293945314
33.65747515360514
31.598441696166994
31.926545333862304
34.359842427571614
36.36585629781087
35.54054044087728
34.395322736104326
33.80170364379883
31.12544199625651
32.718262672424316
33.29267870585124
31.77026824951172
35.81472231547038
34.971075948079424
34.72721080780029
32.59355932871501
33.78556912740071
35.68137321472168
32.28161341349284
33.29092216491699
35.65435053507487
33.28609530131022
35.51471659342448
32.824508603413896
34.71421635945638
29.338140551249186
33.7416259765625
32.592905807495114
32.25365002950033
30.182065137227376
32.057811673482256
29.448274485270183
36.066209411621095
34.09855289459229
33.19000829060872
32.47840684254964
32.470353825887045
32.38467966715495
33.60132128397624
33.02441463470459
30.745755767822267
33.580894978841144
33.74904365539551
31.671052805582683
32.59694900512695
31.6157501856486
33.62049598693848
33.26026261647542
31.72573725382487
31.22762260437012
33.08878733317057
33.081054560343425
34.42936719258626
30.571474202473958
34.0185214360555
34.5498010635376
31.656574503580728
32.863365173339844
35.347307268778486
33.25907802581787
30.13964099884033
35.5520736694336
33.50831807454427
33.19178574879964
31.46346435546875
29.40344524383545
30.659716351826987
35.92524210611979
32.27868843078613
32.16712862650554
29.70134162902832
32.47042999267578
34.41040013631185
30.22211659749349
30.9221342086792
32.51636568705241
34.019304784138996
31.575765800476074
33.34664738972982
31.233125178019204
33.66255931854248
31.929380734761555
33.427721913655596
32.54222761789958
29.743501981099445
31.27208677927653
33.14713668823242
32.36691869099935
32.54870204925537
30.826326751708983
32.088463083902994
33.340970547993976
32.842288716634116
30.845993169148763
33.53516222635905
30.766152318318685
34.03449459075928
32.46357790629069
31.249831771850587
30.225688934326172
31.450115712483726
32.815939839680986
31.749521509806314
30.576620229085286
29.452773984273275
35.47792142232259
30.492900339762368
34.566231155395506
31.77713050842285
31.791649119059244
31.682009124755858
32.0143367767334
30.615777333577473
33.84161262512207
31.191453806559245
31.033519236246743
31.32015215555827
31.62071812947591
31.946487426757812
28.67169621785482
33.079285558064775
31.761934407552083
32.70114301045736
29.06446704864502
30.272452227274577
29.15590057373047
29.900117937723795
29.986806360880532
33.20144081115723
33.78555107116699
32.33498109181722
34.21505215962728
31.081735038757323
30.01935666402181
29.52106501261393
31.62204564412435
31.177337710062663
32.50149472554525
28.792662874857584
30.12535006205241
27.921115366617837
29.62622922261556
30.894969113667806
29.624287287394207
34.51949297587077
28.803067270914713
34.72466519673665
30.3369810740153
37.441708374023435
31.92135175069173
31.0131041208903
31.782983144124348
29.691844367980956
29.03811575571696
31.4588872273763
31.917949295043947
29.777549489339194
32.12115395863851
32.14856408437093
31.983072916666668
32.90666383107503
28.609337743123373
28.45674680074056
31.23136761983236
30.5970640818278
34.61366195678711
30.44954776763916
32.75763339996338
29.891482416788737
30.090139198303223
32.62025572458903
32.10524895985921
28.23123041788737
31.547954432169597
29.674544207255046
30.991912841796875
30.98918056488037
27.237699127197267
32.71170845031738
29.229172960917154
29.840956115722655
33.76438674926758
29.122132555643717
32.429270617167155
31.104029909769693
29.926838811238607
30.074737612406413
31.28968683878581
28.309306780497234
32.14928614298503
29.343276977539062
30.048598607381184
32.395154825846355
30.99744675954183
31.326422691345215
29.961890411376952
32.56181767781575
31.346906979878742
31.919850858052573
31.923370679219563
32.30588957468669
29.86355946858724
30.42570915222168
28.40184122721354
31.75415496826172
32.999836921691895
27.8763427734375
28.605404726664226
33.407453282674155
28.97921714782715
31.73906879425049
28.704069709777833
31.246544647216798
28.881494077046714
30.545343589782714
28.01533578236898
28.05824807484945
27.81404717763265
31.022391255696615
29.721859169006347
28.59652760823568
30.628280131022134
29.293334261576334
26.914637947082518
31.742088572184244
31.14139397939046
28.59732583363851
32.39729512532552
31.08295383453369
27.099996439615886
30.845408058166505
31.398065503438314
28.62977867126465
31.006952412923177
29.37296829223633
29.888132985432943
30.311735153198242
30.250388844807944
29.68787167867025
30.398657099405924
31.418027623494467
30.281029828389485
29.82724781036377
29.077812512715656
32.104466374715166
25.532881609598796
28.498655637105305
28.032482274373372
25.500687090555825
29.0102632522583
29.259373982747395
32.466644287109375
28.652051862080892
30.55571314493815
32.23977775573731
29.807313601175945
31.685642115275066
27.237996355692545
29.95125478108724
30.48734099070231
28.164577611287434
30.053451919555663
30.367898813883464
28.272748374938963
30.250047302246095
29.24446086883545
30.327455902099608
29.535938771565757
32.548793665568034
31.136907704671223
32.821708552042644
28.617679150899253
29.66297696431478
30.94157708485921
26.614064280192057
27.267521985371907
28.596513938903808
28.90421422322591
27.374063364664714
30.07200921376546
32.08705418904622
28.263198725382487
27.728170967102052
32.120448684692384
31.331502183278403
30.00102596282959
28.695695432027183
27.50151030222575
26.770789082845052
28.453802998860677
31.172549883524578
28.29599806467692
25.386089515686034
31.675464248657228
29.761514472961426
26.295922660827635
27.57158228556315
28.307711919148762
25.341105016072593
29.499126879374185
29.020029513041177
29.29958413441976
27.757853253682455
29.977780532836913
29.64680550893148
28.231335067749022
28.373050435384116
29.3484982808431
27.96468334197998
28.914195187886556
30.130541292826333
31.40708376566569
30.70037498474121
29.7708381652832
28.575190162658693
32.51082973480224
26.542872619628906
28.300755627950032
30.076454416910806
30.41119041442871
31.183682441711426
28.755339495340984
29.006774584452312
30.057152239481606
29.595480982462565
26.9423095703125
28.56870148976644
32.9752587000529
32.06733805338542
28.20545743306478
25.48411070505778
26.655000559488933
28.694935989379882
27.76851437886556
26.62738259633382
26.840364456176758
28.096178754170737
28.747647031148276
28.34252503712972
28.96359214782715
29.354683303833006
27.72227840423584
29.12961622873942
31.321338589986166
26.66978028615316
28.535530853271485
30.617918078104655
29.412517738342284
30.204292742411294
28.656388092041016
27.916828282674153
27.199091148376464
29.568401463826497
27.360745239257813
28.462877146402995
28.98512051900228
