1.8403588434370854
1.7096257460109578
0.02630450592065851
0.035833539348095654
0.027112723052656898
0.018783634128825118
1.3760251685744151
0.03496900371198232
2.120855857123388
0.026321061234921218
0.9543374609667807
2.024019549887938
0.02286532710228736
0.020420110745665927
0.02905153528166314
1.3390914731038113
1.4895277197589167
0.047541882891285546
0.021187470762136704
0.039841931387005994
0.023579255336274703
0.025909647890754665
1.7717216430193123
0.029440465352187552
0.01059744042577222
3.1463199263283363
0.02476043129960696
0.02810232515912503
0.026309101186537495
0.03352638516419878
0.10327567940888306
0.01839527122792788
0.0294363100004072
0.013168519746977836
0.02323338033747859
0.018438099588577946
0.046920409189381944
1.4945159281138332
0.05150617824401706
0.010753060009058875
0.016492384695447983
0.05065471139969304
2.3895256234177698
0.02450783709064126
1.8850800059076087
1.4392376021908906
0.02516585069242865
0.009320284639640401
0.05429065650484214
0.05655991634509216
0.04979745974220957
0.033550975394124785
1.0606098770784835
2.4943861262135516
0.9350092290202155
0.06403914618616303
0.030783033782305815
0.018886732414830475
0.025086873843489836
0.02851422845075528
0.03008843553737582
0.033931435318663716
0.040336456468018395
2.7121657335936713
2.4806831318729867
0.028517294248255592
1.4730364357936196
0.027331396269922457
0.04579813570405046
0.018952566447357336
1.1328306432774602
1.4936427486982817
0.036951206263620404
1.9916310954489744
0.03399972675057749
0.03710793657034325
0.022621648452089478
0.9046038769127336
0.04204899241352299
0.030476613676485916
0.02999519514463221
1.1054281901490564
0.03934711689750354
0.05472552985884249
1.7360111821384634
0.03147321162590136
3.3008120865638677
1.0979370724846376
0.03274918249808252
2.719003595438941
0.021085494974007208
1.4500254613735402
0.08156798415972541
0.029593256255611777
0.025159189489204436
1.2309106616885401
0.676393511511075
0.04605284062757467
0.02389885703645026
1.3309303444344551
0.03573669581285988
0.03249890924974655
0.04039402722070615
1.006754254262584
0.025194779372153184
0.01583724746402974
0.0327266640185068
0.030515936797019094
0.026062715045797328
0.017546800326090305
0.0905167288146913
0.03227729661933457
0.06178405557293445
0.03588839822138349
0.0358029407216236
0.025205531417547413
0.030657417078812917
0.02710640903339178
0.011217475736824174
0.030087101638976797
0.030824407882755624
3.101070763791601
1.6022020544177697
0.01571454422470803
2.0178347661101723
2.155049775451577
0.029620063335945208
0.04083336320181843
0.025730410301669813
0.02078770090204974
0.051989039049173395
0.03371880468136321
1.2381421620491893
1.6417134968253473
0.05533962931173543
3.962227429131356
1.1594930634814469
0.03996750384879609
0.015264372308350479
1.6237115775545439
0.029658685801162696
2.3710900546594833
0.0337904613930732
0.041139333074291545
0.03463072007677207
0.03405622188001871
0.020003558703077337
1.762887012512268
1.2736427710702023
1.0548673679043228
0.023143687983974814
0.01673779150393481
0.04289890977864464
0.0456013176124543
1.6582585991049805
1.2420174558336536
0.02947311580646783
1.2811456015702183
2.1349538556765766
0.025279452139511705
0.8562423352394641
1.4619488670490681
0.013888315266619126
0.041241609033507605
0.008917799588137617
0.03060638767395479
0.031988914435108505
0.020247494778595866
0.016365996305830778
0.04259934000050028
0.0370508131183063
2.177244336010578
0.04912031673981498
0.02877138939317471
0.050188268449467915
0.05569108115159906
0.04730017527860279
3.064884168592592
0.024372270454963048
0.028697539881492654
0.05350973590587576
0.08468735518593652
0.028170304652303458
0.04850967125967145
0.038778193411417305
0.08198366910219193
0.04882136400944243
1.5987615277641454
1.0864824530707362
0.048563503691305715
1.1305351956160545
0.032151845501114926
0.09350577840814367
0.039151966373901816
0.01948637823224999
0.02749653629725799
0.9813591003456774
0.736880291715109
1.2072838403789017
0.01840112764427128
1.7131171983511497
0.029637183258698012
0.044580313346038264
1.7975805324424678
0.019384672983627147
0.018053267933040237
1.731258828061012
0.024533279663107047
0.03953528616305751
0.022807395822989445
0.015468352050326454
0.02406202096802493
2.1557889399914227
1.7922803242923693
0.021502274026473363
0.025549731322098524
0.03154480781328554
1.4727247175838178
0.05303551131704201
0.057802136451937255
0.036541454827723405
0.03606017853599042
1.4802391162374988
0.046886512943698715
0.03123714905232191
1.181395969783383
0.026785378996282815
1.5206719478281836
0.07192176271540424
0.022425500691557923
0.02458149946760386
0.03688485388411209
0.017388703883625567
0.027045039440660428
0.05946112693054602
0.037643184427482386
0.048848069672627996
1.4411581157396236
0.02536989252936716
0.034925009473226964
0.02267517140135169
1.602999954065308
2.046288675275476
1.1397705764393322
0.017633355505919705
0.10234138533317795
0.04553440635985074
1.6669001765083522
0.030161854003866513
0.04178687133826316
2.53087358630922
0.08052323018588746
0.014793799476077158
0.034955630692032474
0.021355137904174627
1.1528177797309278
2.0890826390357686
1.7049185094811643
0.0388245034419621
0.6619784586597234
1.486546412401367
0.027579827047884465
1.2456883921229747
3.9687143653049133
0.031115646303320924
0.031936787662561986
0.04558467387105338
1.3996856979560106
1.323894981209499
0.01547288753790781
0.023130070433641473
0.026192858873400837
0.017170635991108914
2.8202117922405403
0.02253960583669444
0.020503199162582555
0.02029616170718024
0.0516869093834733
0.018669108922282854
1.6848994955808545
0.041134726667466266
0.028670694096945226
1.325981212547049
1.2889209259243217
0.030942235555266963
0.047759783768560736
0.022433404263089565
1.2765594008378685
0.0425311018130742
0.04936971715263402
0.03355340089959403
0.03219105662234748
1.4397722521641603
0.010565394120446096
1.3162036444661984
1.173037217107291
1.472941773373168
2.492298821421961
0.03896860332073023
0.059987420128891245
1.6877745871509735
0.027518418221734463
1.1198192826860274
0.011739538532371323
0.013229084274886798
0.06418204529521367
1.3320550157998998
1.4906643622748865
0.02003070411835021
2.894196246153054
0.023948272655252366
0.06570392225403339
1.5425925351136054
0.012809306212390462
0.02407161551139628
0.04007305776855598
0.03881572686368599
0.030776608063994595
0.03376315949329486
1.704097868296473
3.2800983760273086
0.01744854012892271
0.034690812858752904
1.1202078170531118
0.018312970246915937
0.035595344476557024
1.458679402662286
0.1075194310164079
0.05090772631034876
2.514429799801049
0.027877746266312897
0.055811592104146254
0.013209999857159952
1.3784376047279996
0.04409398521917562
0.1089066698603953
0.024792185662469515
0.030693316940839092
0.015742753997134665
0.03755966518850376
0.024525360413827003
1.2444989122993624
2.6137154466472565
0.03641642898243542
0.03626136608266582
0.05304326330078766
0.043022309282484156
0.025843724713195116
0.029821527221550546
0.03577841742662713
0.043518782639876005
1.4013289596769027
1.924209550830225
0.02885270502883941
0.03856310298045476
1.5081101870940377
1.0299237216085506
0.0625094497964407
0.015500778685479114
0.03601838781032711
0.025309983415839572
0.05083546405658126
0.04737731516361236
0.06784846294128026
1.1149161008031419
0.06484749976467961
0.05666162044120331
1.2979770626717557
1.1033999638127474
1.9611107394564897
0.05895201155799441
0.03590117689454928
0.016002771793864667
4.1780148772251176
1.2206325558790316
0.0139282359140149
1.5388708761621577
1.2442448126443195
0.029554761856949576
0.03414318846383443
0.029743477104542157
0.12639950113371015
0.030639334007476766
1.4009242638247088
2.385959985347775
0.02976912203982162
0.027425801513406137
0.01283902166954552
0.02426930553241012
2.157533793873154
0.021415689176258943
0.04707878386446585
3.0384341722975177
0.019562152315241596
1.365412282004642
0.021133997873403133
0.9750788795684154
0.024948233117659886
1.5745199548274589
2.455703381386896
1.4395909793364505
0.04925133842625655
1.5772643050954989
0.04830424787554269
0.03355606604212274
0.018094723326309275
0.04768409887328744
0.02062155485812885
0.02365415447857231
0.06734092979459091
0.00978577274751539
0.05615382590525163
0.035242830775678156
1.9691746112376374
1.4534441670111846
0.02329336213879287
1.9410967506623515
0.03897450891478608
0.027908806665800513
0.02512516618395845
1.2530073457028872
0.02352098624687642
0.06151286545209587
0.016725021620125822
1.2353306442770797
2.458715254405979
0.034937575733056295
1.0214118264285692
0.02647368514444679
1.4191238218763222
1.0989371761602038
0.032828283112030475
0.03941497943208863
0.9936013624615346
2.455119869178937
1.1255154056707397
1.472031821217388
0.028682686508788417
0.014692428029957228
0.03375409203581512
0.017834299282791715
0.014720444606306652
0.0805653092257368
0.031117959382633367
0.03320784923465302
1.5736003822258984
0.022144580453944702
0.03320562141404177
0.02233756256803948
2.012483087182045
0.035735826663828144
2.736948917309443
1.5179709792505796
0.04312583048595116
0.021980207584177455
0.02689738692327713
0.024974627513438465
0.025232070998754352
0.014181906908440093
0.032553584668009235
0.019198838248848916
1.2916286259501553
0.06832223369274289
0.04756008741484644
0.04603738590764503
0.8937981661253919
2.6241407271280575
0.020011326170060784
1.6153722929302603
0.013876623270334676
0.043875657768997676
0.0198080940094466
1.0669527324382215
0.03501782541085655
0.016983216145308688
0.05455057462871385
0.03171025991129379
0.048723384398423754
0.01305349839385599
0.042666480185774465
1.0707649722540131
1.4763213334682708
0.025348331895656884
0.028659580349146077
0.9580485814095785
0.07568243302715322
1.6946133276137212
1.676497019660504
1.1950031689057747
1.9912464616509775
0.018221726408228278
1.4155306228572349
0.045887883519753814
0.024659908295143397
0.04148418401988844
1.7136090928630439
0.028418214774380127
0.034849679089772205
0.024116903846152126
0.04663517833687365
1.447186764603248
0.09507838173691804
0.029064156177143256
0.018904904811643065
0.014356684335507453
0.041342245077248665
1.2657738324642802
3.2130116834693276
0.03484967886470258
1.5563485623153004
0.010367011069320142
0.0655247712895895
0.06680104629679894
0.015291508009734873
0.026140453623762976
1.8312133782116387
1.382975789431172
0.017122584697790443
0.019525050073085973
0.05541969580420603
1.8482645421444128
0.053288868131736916
0.022771226637996734
0.02646079018401603
1.9401268071727826
0.02620985428414618
1.6597908545013829
0.020706730207893997
0.035860915187125406
2.7519787777603293
1.9402474538849976
0.02889911651921769
0.03181870336799572
0.047051891286779814
1.4715657776842515
0.018746447345862786
0.021852936853732293
0.011860765423625708
1.8570667914425334
0.02707335299734647
0.05845937990040208
0.02301044389605522
0.020026900912246976
2.3648545241293806
0.034553198220479926
0.06749137910470987
1.2777524774816509
0.039928071422036734
2.150654409445512
0.023493062568983685
0.03447638710883136
0.0810612385161221
0.06532925714467032
1.7000092020238904
1.498574489839666
1.3398782879385787
1.5024882627185434
0.07769785352866165
0.04380786699281695
0.027838309700988852
0.03384750720579177
0.023957827978301795
0.8244957527378574
3.510506772257698
0.017079996597021817
0.063836207264103
0.030174342170357703
0.02974710731456677
4.153946000335661
0.018434751227808497
0.049966816602197164
0.08191354354688277
2.190533518457475
0.016839874310729405
0.019008185935672373
0.018774534249678253
0.026511881942860784
0.059448453799511
0.04675704947828005
0.02491598187868173
0.04290041637723334
0.02548811218390862
1.3709382252224411
1.3922157816433658
4.841717945225537
0.015350352802003423
0.015811756843080123
1.9504801262014857
1.479845114867203
0.09069112495829662
0.03470641795914465
0.04427662456485753
0.02023484417392562
0.008253979347258186
0.04381335475482047
0.017106366417525956
1.0879900977791597
2.172521977312863
0.9629691149845409
0.03735838147889202
0.02794374930866373
0.019353866023205532
1.1389994576728593
0.11525548140052706
0.028157135997510827
0.025090289899768928
1.8948734550193573
0.019707546980741123
0.022431760056254763
0.027327208314090967
1.5541515720969377
0.022773319436237217
2.8561843149131163
1.563026338815689
0.02722329463188847
0.016989720958129815
0.03432521033488835
0.015284588017190496
0.016348507457102337
0.027255997312022374
0.032401900303860504
1.161571043768587
0.03131174928663919
0.0613120923556077
0.046748886024579404
0.91631883206234
0.013257449694598715
0.03327255770176028
0.019853279147840415
0.037737286009360105
0.0709779930698763
2.0396002526511436
0.03494430306212356
1.2476992581660549
1.3761429294846796
0.018846710034025212
0.026212540889779725
0.021963676340722788
1.6820293405791744
1.7191780384513549
2.5946515445578067
0.02856337708750895
0.02917296518183624
0.026002212458600602
0.02505435630834351
1.2770243722732024
0.01599111658676217
0.017909300234168767
0.044158141183046
0.040904056591292225
2.2842990909159804
0.03937939219952871
1.8486878427211195
1.074364105068768
0.03096199701540172
0.04152483978929619
0.018904439778998493
0.03203830808633938
1.1855762696786163
0.02312812750848631
0.011512587867521991
2.0931692291866058
0.0873136549644793
0.015255537407938391
0.033243515303668876
1.3772310033130148
1.6908675561736648
0.7694338604652633
0.03251552787454178
1.5672663915359104
0.04682716513052583
0.02304150156560354
0.038389682622315985
0.031523454249448454
1.576906342173849
0.023859871764822554
0.01970330758485943
0.026084026119982204
2.2233262309183677
1.7996792514808475
2.25283833873691
0.020719212420226542
1.5379246555579205
0.024840041009398798
0.035388879221864046
0.0326093652828907
0.0203301171772182
1.0545372160772482
0.02693845278893908
1.5262733398471027
0.009708987913715343
0.05857690858344237
0.015970375154089802
0.04285308942198753
0.044075687695294616
0.015108227912181367
0.031195776785413423
0.09579729121178389
1.0533818461505386
0.019670737697742878
0.019091855734101652
0.021373019523646994
0.029202397090072434
2.1808421197347343
0.028933916559132435
0.03808018116590877
0.04884654499279956
0.021993657993152737
0.025888040657931318
1.1162325142649934
0.10544689058636626
0.03247928017517552
0.021492878223458925
0.05256190777678663
1.419185727155612
0.020171358125905196
0.07149865065390865
2.6289135891245676
0.021499757887795568
1.4217756893020124
2.87624798224618
0.08822828733827918
2.274112680158578
0.023008889930012325
1.3549763668638966
0.04334213548960785
0.05760283666507651
1.9435290379294505
1.2807230436941608
1.7894086127945532
1.0987073517559718
2.501653494713052
0.8934364822499143
0.023715618912441037
1.3585229725130679
1.2845708645414562
0.03351428726843248
0.021992485376540572
0.020528501792189974
0.03575543460125725
0.013191243975112836
0.017481633644395818
0.025597987906076015
0.02611323168966919
0.028233457977573078
0.013368344710518917
0.057030073887047665
0.048086294205859303
0.009944541431226146
1.230587457351309
0.01834717133703331
0.024094803487726798
1.5572380760451778
0.02436575558191786
0.0605833022040315
0.038991228630766275
1.8554091687857484
0.91361410774601
0.025469345304494104
0.018366311735007912
0.04203759391093627
1.2561065960520257
4.915892031074812
1.0184192771712939
0.033898546872660515
0.03077509138577928
0.010655819841971
0.013945884758140892
1.7455712223580728
0.039421799662522974
0.030849312300172946
0.03673532433652629
0.08234707859034339
0.014983879767047863
0.03588320220199724
0.04344537631065274
0.03000228200883915
0.03258660601762434
2.0607300664899717
0.01493637691407154
3.5276735730740865
0.9920689368232464
0.03307403491344303
0.02332855574010561
0.027313733380287884
1.7481223659900327
1.4304650354179709
0.0897103941688935
0.028426578811680276
0.023381982014204064
0.03512665730280181
1.9569968912051992
0.10617033802748968
0.02693322094370766
1.6386293598664148
0.04649008039850742
0.03662863602706542
0.027274429922302564
0.03525149654597044
0.03146370672620833
0.018189108984855314
0.9988064129070456
0.9012179259094409
1.7117031812900678
1.4926715464952092
0.0369991647079587
0.1262884812739988
1.6965838861108447
0.04103535284133007
0.02069064404931851
1.4130520117663157
1.594855882669799
1.0602593177851911
1.6345393544218192
0.020929976995103062
0.036094076357161005
0.019071321602677927
0.028057826155175766
0.03427109361315767
0.041636352287605406
0.034276533382944764
0.9827072360630458
0.028422960297514996
1.2483870652931122
0.04067008083220571
1.378626652964158
1.1308073688899942
0.01973417291495328
0.018047234951518477
1.1328247022194167
0.054547402262687686
0.022046687620847175
0.03053304770340522
1.5691518363077193
2.7221066323885075
0.02001293645783638
0.0173080964324375
0.0397830439498648
1.0472742993714443
1.3048518012103159
0.018867530196439476
0.03487460199588289
0.030070956507309652
0.023606024317753813
0.04678565576129282
3.287103517376818
1.8814199220136893
1.2456084137782455
0.02865993324861241
0.030949346820125356
1.193090417709512
1.3597784237664503
1.183352885193502
0.03805389926613619
0.016234639325800042
0.049604597066839534
0.02292681800511976
0.03460205418523401
2.1034813075209966
0.04142499930652169
0.04717514825363954
1.4512748977324614
0.037561067822389306
0.030238797969650476
0.04268765688563387
0.03746953576725597
0.03609255651438919
0.03231368944204102
0.0316285260002284
0.7871634606582423
1.3056554672153047
1.8562455055226261
0.035462835780344905
2.3153790385850397
0.025161649172271913
1.586436006903144
0.030303761440639693
0.025268475230162343
0.054953452106565236
0.03228775715688244
0.019566208271620176
0.06548716223333031
0.012979035184253007
1.1696336498872066
1.556840394330599
1.4377812747067462
1.4315118797317459
0.03379543044914802
1.2608136128323773
1.3986522085188577
0.01811994219897315
1.1343907327973284
0.02675018255249597
0.02226827247456337
0.019544106636506815
0.025501513636360565
0.010393567864472668
0.026155474304687232
0.04920207684238752
0.03840964179835282
0.011990779236657544
0.017023347578166672
1.7553069930523635
1.5506819092435762
0.02400037848080198
0.04047115762950852
0.04638730067138871
0.011085942438027512
1.048498347114461
0.018032324966043234
0.032499276966943096
1.2424947021024613
0.026389936078339817
1.4233134326447423
0.02427124947037858
0.023694691093017656
0.05782696021487936
1.0261070225717654
1.2682247408161251
0.029758986512509484
0.7978878524542475
1.1998601543561866
0.019136896434550483
0.02102231210252891
2.8172913253540175
1.7031267379100123
1.3902715233309815
3.1064006258791776
0.030891724086056154
2.8222954981805137
0.01881226043139274
0.05013579190708697
1.911882587421375
0.020595185877755284
0.024534907176469764
0.02461348638559381
0.03452059916065385
1.281823667550149
0.027362721405612925
0.010710443088707203
0.008931068416374425
0.0763336714822799
0.07618198175914585
1.49886037131461
0.018096220516599714
1.6000387912228082
0.031326019721260916
0.025416446500457823
1.471738657914102
0.04020045908012738
1.290231812609515
0.028446807551275318
1.422711935059245
0.019458311629326392
1.4244878976955078
0.019334248220548033
0.0318830480799079
0.020203079601439338
0.0348194878839422
0.06377325378125534
3.556623626469324
0.01766120232641697
0.013783860385107498
1.0425818210467697
0.053033950125488144
0.024097073008306324
0.02063735978445038
1.547999103270316
1.1720206570190688
1.2565820642203713
0.02582522198402633
0.013798993965610861
0.012016433768440037
0.02119294890629438
0.04662394728511572
1.7945025590015575
0.013811048384134968
0.050799257153024274
0.84490431107115
0.03430174420354888
0.03743599013735851
0.029158325264385592
1.744016699345472
0.022245274348339686
0.027007276106936238
0.019339700555428864
1.5438298512715847
0.03249201012464861
1.7937422719939302
0.029012559882054725
1.7162792331927146
0.07975300869826848
0.044947886971446374
0.022572732821572572
0.04067963811103255
2.794123583015365
0.016143091837875545
1.7003018388912703
0.009443316026590765
0.03290759098405639
0.018824547878466547
0.014904046501033007
1.5668774137389847
0.023891168793973825
0.018764357526864235
0.03285544412986686
1.3084652867536837
0.03132621718881031
1.8680972601713923
3.0984284582547845
0.028416148286002377
0.020562078376921516
0.032134867692366245
0.0228227821799616
1.9480119677609764
0.037499971501529214
0.01848607524104106
1.3010230304828534
2.162693527189549
0.030874942635030798
1.1593084145647785
0.9884779396932573
0.04413308668493603
0.018280570209026337
0.040293572618005175
0.01740090970803673
0.02556245926146706
1.836038483454225
0.06100885666285952
0.034899357714069386
1.7166089580064485
0.011894559705009062
1.6090886879401902
1.1723206780967304
0.02165190058294684
0.024190079153049736
0.026314226675701016
1.3993411361783121
0.04252167676265041
1.4732503669103607
0.03279220380354673
0.03981226007454097
3.5801235997021044
0.010134832180726031
1.455457237455994
2.7711482383854067
1.4667246281324575
0.042111156329823034
1.511436071547602
3.118326800991781
1.7184533672989346
0.02384295465890318
0.02970962569427987
0.015627789458570383
0.01757889457512647
0.025218939111800863
0.022790106723550706
0.02608459919380645
0.03831713466594617
0.031886561020898326
1.131330810363094
1.6928276517932923
0.021805227928174038
0.07408765523384014
1.9265413277797052
1.3520384717655058
0.028529078948001066
0.03224178556508074
0.01972731272689998
0.032737475944062074
0.05022581511487564
1.102454913665618
0.027434810965011516
0.027224204402106503
0.017344014901512612
0.06625401544539879
0.016148416267242283
0.05745251521390552
1.4758043696250145
2.4772622545870644
0.06289433891264101
1.694183739713238
0.0430918298351268
0.029856383975129575
0.03671922360469277
0.020973486406728626
1.292778383063463
0.03632312743769338
0.019067206625671438
1.4351806355640293
0.04098382491307954
1.0845848643531402
0.03623016882532586
0.020403546708015103
1.8592565188533627
0.052754637560186286
0.029462910691897073
0.038936414864535134
3.2509433195499393
0.03447581379053493
0.02710402359565099
2.0302040198119355
0.01710074392807049
0.04235637496070315
0.04059287080890499
0.024594959050106505
1.4757536981497348
1.6809686264333625
0.9908033992357862
0.04065633665304631
0.03490703082255398
0.03212624582617233
1.911682382094053
1.3277033153921365
0.041986852668924254
1.230847150805251
0.015518205092909436
0.020984865993765804
0.020718340862852833
0.09554665354856601
1.1579545488154206
0.018092580108592906
0.023726796832246086
0.04010653433700403
0.031407221057452264
0.013229420951878032
0.7906220046570525
1.477484022375817
0.04999553409288637
0.016282449486122157
0.018311127884468686
1.2518551246107867
1.0767566237055386
0.02463982751360163
1.2324930790578947
2.0300338887570737
0.04291685561571891
1.0038986019712561
2.238143609642672
0.026833669802484413
0.030442523576008778
1.2873139096113542
0.8240873334308465
1.250658206928832
0.05019888446743911
1.1333578898823664
0.024019418152359626
1.0014453757399073
0.027070008497685195
1.3883547560932736
0.029167684343701695
1.5978212312737015
1.2876326664894198
0.0230450141748103
0.043218473143254714
0.02979536827187985
0.015474379458464683
0.024669795066923447
0.032364825966457525
0.03084074188955128
0.05234817549741517
0.027958744125983988
1.2739821490715257
0.03103283219970763
0.020238072394082943
1.0917939944270378
0.05601523709483445
0.020834534894675016
0.027788257777380445
1.388424651514894
0.02944470461613188
0.03216914879158139
0.025179584149736912
0.11303057346958667
1.443808620760683
0.036326126242056486
0.02113140416331589
0.026634936110349373
1.4464960851473734
1.2711423482047395
0.022005567133116227
2.413772522541694
0.03689384947841366
0.04340945602549861
0.10709444213425741
1.5979826148909828
3.615196847512076
0.026973833372661224
0.01655033081769943
1.7248015034555768
0.7648275688174181
0.03812231809521715
0.022542437204780677
1.2844428532291203
1.9679140864425184
1.1841976400619993
0.023079111250505473
0.04884752329671756
0.026368542133908098
0.03891216443541149
0.034192916766429944
0.029321451671421528
1.779601189707561
0.03403553975901256
1.2838687285509272
0.01835263524359713
0.021023145496534803
1.9196371214774748
0.017534572642762213
1.0346268886700272
0.014199309272225947
0.019943487690761687
0.047967804859702784
0.01883369086814734
0.03146535440464504
0.020724761699481557
0.038341681472957134
0.0211378708248958
0.01853418330041071
0.038816736419297136
1.2689257564333578
0.04586710449463378
0.04496724302492415
0.06385705346086373
2.536486986163072
0.0347001192625612
0.0265444883533443
0.03156004554281632
1.667781573906541
0.024784297515482952
1.2755751755476619
0.04311989744504293
0.021431945304114682
0.04388007359423985
1.136800268300188
0.03188729061900328
1.5697785057282696
0.03373870369978249
0.025557483173906805
0.041451975245339175
0.9634236309522142
0.02177877442445606
0.01975949708527575
0.8662075622070309
0.03939121024450287
0.025452561595011504
1.332291610018971
0.054875621339306235
1.5276401427108794
0.04592470105271786
1.8446638211569129
1.164870917230534
0.02655080888265123
0.017635284286613265
1.2750462564794967
1.8163878356902083
1.2990401882639466
1.3600059419171884
0.022015885102640218
1.2093813382962253
0.038863074787271516
0.025101862230803816
0.042372137882436316
0.017504002794157713
0.03575221406645142
1.9356140631716698
2.9511958873830735
0.025136936630588025
1.3678894571649531
0.03184371285606176
0.03963099039392546
0.02894505892181769
0.02623273148201406
0.026552810884701707
1.2240939501556567
1.0877440649045942
0.04220335896049316
0.049106759026957054
0.01564319822161148
0.07669324214803055
0.021626687626121566
0.018896343159334115
0.033257269859313966
1.1350618928050002
1.7058314586989582
0.030965259360770384
1.2418240995611995
0.03371243070966254
0.024785272714992364
1.6489624819058615
0.020153421893094978
2.0480683248412483
0.052299828710965814
1.6016603982813347
0.03534368126808355
0.022665794152999297
0.07123682026673729
0.03081462186916421
0.012459349996061065
1.50104754253213
1.7939992947969585
0.015069614665117114
0.029487356671597808
3.249133375659585
0.030674310790588303
0.032253711338853464
0.014674848116313418
0.029780365914727252
0.05320665302375952
0.05093342290104677
0.050703378929756585
0.015098956500878558
0.019085051817819478
0.025409444856146973
0.052502811917414266
1.3803180767650096
0.0167337174488542
0.05139173599891365
0.04308002650116881
0.03534783169161528
0.017820687176814922
0.015468569037814935
0.021627117747751376
0.015623152519886692
0.026969003359166285
1.110639556039435
0.05685943861026317
0.031697037395012256
0.04658691293249528
0.9198436518316158
0.022805667633656414
2.123974383280923
0.045624077160997936
0.017362294144307573
0.02720853053809454
1.6555321666800107
0.02497483086772263
0.03549127783238267
3.1273858651674042
1.1584155528107658
0.0386930252580593
0.03685472197830677
0.03799001168226823
0.05348672795419892
0.7801332585047931
0.03845917098224163
1.2670340297433238
0.020108961116056888
1.4583276108450567
1.6949412599904463
1.7104848459906254
0.04517823169783999
0.08624357002554461
0.025593677807288866
0.03235510975743334
1.6700136007469457
0.042604442844943455
0.024063669389579444
0.04929158148394587
0.03161945593698571
1.9162349762395023
2.002910098072607
3.467980089147265
0.889076157232436
0.027881905056225755
0.03550431325566024
0.03212967029151817
1.2524318614897008
0.014598718145862222
2.7174391413185126
0.01898460348214333
1.050003557803575
0.0340467743963624
0.022703599797872207
1.4849534480793711
0.023011387310301265
0.03172882642635765
1.4950843648791003
0.013522346884322663
0.022505634076272447
0.03199406268928821
1.9962360586078527
0.03406085838360014
0.025191865911862503
0.03531177156449606
1.5498925945643955
0.030485601044104745
0.029491517308633773
3.262295299054434
0.06985528181539849
3.4271471784760554
0.05129214342450723
1.2454686664782153
0.021232530591078103
0.018886596150696277
0.022582473396323622
0.07142409596514578
0.01742752539770057
0.02068213514673213
3.3821823386785885
1.4348365229709694
3.054400638770312
1.2198353244224562
1.2578074183353845
1.4923422513956515
0.03920724967222971
0.031027004642722508
0.033585350196032475
0.028721668016320714
2.25038683670961
0.03794800577840458
0.027558457277094325
1.2462742359765495
0.03495600506042441
0.024114599478586265
0.052796314307488504
1.105706959993889
0.0318615943309851
0.02838540871744044
1.2261001086987866
0.05268376726501932
0.02797985197006104
0.05514616262322913
0.02851195016798253
0.032012517222513755
0.035823258679981033
0.012125144945457578
2.1565288537647573
1.6957132760978615
1.5002659246170273
0.017876337406535943
0.022193320188671352
0.031180446730771413
1.1585922295538087
0.045441868458874525
0.016257613175548614
0.015867926874974122
0.028137281863018872
0.034879756672307846
0.02375736340569953
0.03103509616921656
0.00906877382658422
1.0843466819884877
0.03369570216940095
1.5579067356166585
0.03067409510258585
0.011901665835951765
0.03108879685169086
0.023119878344004974
2.461815251074343
1.0694176916886742
0.03266637967899442
0.023833165519560377
0.03333053958485834
0.02717474407982081
0.03805263913236558
0.7736447452994374
0.023735857848078013
0.022343528973093878
0.017753815945858755
1.5427033472495775
1.5366407141962555
1.2769745547130393
0.014705683360807598
0.0669483321874092
0.016796335742886487
1.5426062458291805
0.043818890291731805
0.02255627656704746
0.0800172392046079
1.2911006761559596
0.0420578331919387
0.03594789844743597
1.6481874718621838
0.025926608860027046
0.02475528002444965
1.4551131611146653
0.025835179700516166
0.984848294313997
0.030297030392102898
0.041470217136278124
0.013939016684889793
0.026067589588152865
0.038395877073829375
0.030626179840570936
0.02171210878683875
1.7323490697114419
0.038853768321375055
2.1115066063745567
0.8586114440889409
0.02854745158692822
2.925968418006475
0.04551847022181998
1.348709433603411
2.7526074341614732
0.03639788153426101
0.036805258505046366
0.05646141757800554
0.043006665306165814
0.02140540716354735
0.032572049141163004
1.161210422955143
0.9349158541357611
0.9864244006380128
0.01486609416315332
0.01842910090344958
0.00883224451293548
1.8956336973312622
0.04052542033993329
0.05323240850508834
1.2381196343941459
0.028257874690461905
0.02582505011620621
0.025669528807823857
0.05413907784192513
0.03321163649282729
1.3327031092407802
0.027195764690016708
0.07385603234482309
0.02511996345904966
0.021158589422702788
3.0195662621224377
0.09536812342703342
0.8145285007776693
0.0441095420702671
0.032018214169268804
0.01379765545328458
1.3335428159412308
3.881849801323066
0.016625473516372342
0.04662129782761137
0.03463572909434636
1.229751598260676
1.3528828568756581
0.03706315531162545
0.022418721666326746
0.02090440848842263
0.01904462609672919
1.4360813351115211
0.034842232360582176
0.023617350826195132
0.031235477273973324
0.04828743909408028
0.0418073131237179
0.027797465802480777
0.020429349509261858
0.03249457186708848
0.03193597310067465
0.03108351572882384
0.046338424334923425
0.02916292454271267
0.03316118739700566
2.4431505579074533
0.02176474268004919
0.025643456475033116
1.6334226638195104
1.4444293727574404
2.484856797149405
1.8973530853710447
0.018333394586807116
0.01305362362569819
0.028116785234306007
0.042377302531773846
0.009601084348590423
2.397774180760219
0.03408938455395401
2.038972380780615
0.03600122894664916
1.7002797628170812
0.012091870792210102
0.028451683362557864
0.028192920850900312
0.05453014345063518
0.029952150823858877
1.9874440097240342
1.551325789412173
0.017519767060487842
0.016495480481535197
1.3005073136475402
1.9340361586267438
0.02863507530031105
0.05301698395051062
0.013800013239961117
1.4663207246145855
0.05748697792490323
0.03567609339952469
1.1059793281407717
0.019269887218251826
0.029782392266982545
1.0209834988228976
1.3461878202157096
0.07562043871730566
0.019876442081294955
1.0588582968494544
0.030191866568444917
1.1598542315186933
1.3099685961923873
0.036296518538923316
0.018136971994924048
1.3739395584096201
0.027477605252837142
0.05070945380721241
0.0440602383731554
0.03704858482039223
0.07342668117489666
2.440297376496407
0.03641313962289132
0.03525111495982856
0.040695249991646656
0.03181401444987084
0.6345683660299983
0.020039968417646985
0.02000725653100138
0.028494972945190968
0.02200012959074229
0.016536587616428733
0.5298982915313294
2.496370523966228
0.037825476506259295
0.021168645785655825
0.09049771645416817
3.502467894934428
0.06561561988589043
0.0158641487864467
0.045066772028803825
1.433645623565341
0.030202205401534836
1.7396642747878408
1.398138433128285
0.017155816312879324
1.6119045662868303
0.015764481316242987
0.04891698343368868
0.02367948027482877
0.02438789003062993
2.5899386799855466
0.020762729186875124
1.410651389734509
2.0126739538585148
0.02528577031722913
0.01848842341375227
0.01757704113260843
0.06173400007343541
0.02702552668633871
1.675139327312354
0.026791685443216313
0.028639124935337653
0.017255663922211777
0.018369956852014487
0.057759855295686675
3.4612716940425647
1.2765315097358931
0.02823135055368766
0.025040578151432177
0.9343992925249041
0.040876725564400355
1.5941909342363942
0.019121788232587277
1.504889451386407
0.030655554914847016
0.023978150682523847
1.7049838734790683
3.3100668660442656
0.07286700580734759
2.5006720499678825
1.227125824832668
0.029493911042421436
1.087669575967205
0.027062143148699154
0.01628460382732252
0.03752976588439196
0.04851122225712364
0.028759464089913915
1.541632157121785
0.023633865781206017
1.3608560531788194
0.019123623584164307
0.03196705512236804
0.0322022733783039
0.039280007775717725
0.742952498079588
1.5843232997693122
0.015210032653218757
0.029110695014242082
1.3746117136945637
1.3175046123176193
0.9902553974495579
1.412525254689778
1.6641226282576098
0.013938491380152603
1.1513051189365797
0.020162620434227087
0.04366703206906095
0.04074409095725665
0.02412048177405571
0.7307589234066351
0.03611554366458828
0.035094584648807846
0.9027226761449129
0.02301852416518765
0.022006381229342273
0.03581366026774049
0.04683652237678568
0.0642970060541605
0.03339572701758395
0.05702133764280006
0.01738985948613845
1.341913686322126
0.01865159087271119
1.5921996511092098
0.026989805333626767
0.06173425861246263
0.03313429356009389
0.015206285092669228
4.330127456632908
0.028677081871622552
0.0439502139420559
0.03111490379475678
0.02389994967961684
0.05392253235137711
0.0632133857967953
0.05796330034888039
0.01596297974077364
0.022175174490742695
1.300213879637886
0.04093456194580843
1.2330655317093866
0.04226024611853063
0.06268969769589602
0.025286142101200917
0.028338013245956972
0.033620187438403566
1.1916211106309977
0.01918079876728977
1.2489845380652695
0.025884111683505278
0.03419249729971246
0.023828765435609967
0.019514371982465188
0.03590525910258293
0.016625397105235605
2.121058170396524
0.017978562709564962
0.02419705701759085
1.7160955526167527
0.03463772214017809
0.03955883753175537
1.6999802188404525
1.658470888796728
2.6686311632569413
0.026791764275791743
1.4768833820397655
1.220618516963441
0.028582984938596685
0.028424381573374072
0.041831207019276916
0.048483227810356765
3.3232857749409352
1.432282835020063
0.03366085844269643
1.3563405093426506
0.008244589537692566
0.03448933897695194
0.05584612839156762
1.2426268368183324
0.017887272189060846
0.04816936782250802
0.030693525483366103
0.026892793038859962
0.03331999172223732
0.03608446404881154
0.05648294051643461
0.045346899524641535
0.027750085496033233
0.023645872770187756
0.012049578685158243
2.6467488076072185
0.018113695628320176
1.5326382055393575
0.013246144726872444
1.6109385410847608
1.1440009377896785
0.04672469296880687
1.5931287361308932
0.020379831079238405
1.5240945079325077
1.2631438878442471
0.024266750284004955
0.038608747561617446
1.7479739143202702
0.03353292856675883
0.018724443352160353
0.023740412294864656
0.04326493476207058
0.02590294786108037
0.03261946445175757
0.04553119778477897
0.044222803638937574
1.2155807715452587
0.015710004391924787
0.053238844087657826
0.0253115893380406
1.1481905192738244
0.07242351616829788
0.014257145184092223
2.1822196824708953
0.055579814395362824
0.028321093192789703
0.023779948878412446
0.03695165353516738
0.02388101350516081
0.013758278804986427
3.8688398338854313
1.3068066333963846
0.024055531822765867
1.4667161530427013
0.05704464236429582
0.015930628524317095
0.057537639199290426
2.428199713025242
0.0218841110705398
1.5629381453152746
3.898315334925428
0.038075630522022647
0.028537382612315317
0.03212518672614048
1.3549654932149375
0.02772811325460983
1.681997083600921
0.028577272950982054
0.043685052392538636
0.034925200836732985
0.020570891255435222
3.2996031396401424
0.011461985477944836
0.08728491229121574
0.027261703639912108
0.01050815605558455
2.8367450907515983
0.0136696928840441
0.016309902452242873
0.03030270410624022
0.7538891050266102
0.7607947390138482
0.028009270030694703
0.03315182720543817
0.0251613080171713
1.5040733997593634
1.2822528920999805
0.019136698447012653
0.03829485120659228
0.013699569820892066
0.03386684962703536
0.02062540518042321
0.06064963590664168
1.072756570732842
0.0509434926614631
0.0185181073184746
0.01397905411819617
1.0434251047942478
0.019976913777645676
2.934401419754916
0.03385744432210534
1.2378780984397357
0.09207234246035417
1.3433376322189967
2.2029282320213195
0.02352009916988512
0.022943868912989274
0.018941457445422808
0.07240162758583514
0.04035786658447857
0.030436497918951016
1.0131395829919105
0.03192408924223855
0.04737182940977315
0.02500081406906247
0.015459703738451935
0.022944917203858495
0.03258433461499711
0.05955940363152574
1.7890092595402771
0.05281154680221031
1.6584449687739835
1.1432761480333284
0.021184638158107796
0.013431954104453326
3.217621099304718
1.4774969877597566
1.1993696790149746
0.012954941089265048
0.058475641533732414
0.03529414761578664
0.027953412358571465
0.045420491955398275
1.755529557300421
1.3143417417789653
1.6268068859431273
0.012552119307414008
1.9486827257089316
0.053931474196724595
0.03459342006050671
0.027067601618667444
0.010470902896486223
0.04314048221955697
0.011027674561288829
1.8883030202278557
0.031191048743979384
1.403729165888702
0.01890988227290412
0.024264670015933614
0.016500380648843325
0.021416284582422427
2.763217522452275
1.623647975436567
1.6580981680153248
0.02284291376514981
1.4010107805331549
0.025908653950318696
0.037670281873821904
1.47635250336801
0.04158523804702175
0.030110799990749608
0.021997844629610578
1.7067939988027017
0.03955678129568696
1.4406029495410622
0.012005919613875449
0.040408331085927784
1.6514410371271273
0.019755239450993636
1.2588749881911403
0.019830505984524887
0.926412579525883
0.022887207047703365
2.070342925415995
0.04210062770871446
0.028602266657010964
0.026160555123351515
0.04479483588365838
3.2373063212648656
1.3821457791995877
0.026540839932567905
0.05626564084474618
0.034876270605794464
0.020933817398812
0.01704234965145588
0.042517981173781055
0.037989649549126626
1.5961846695048734
0.01312970249079323
1.312267468427308
0.025400680891470982
0.02820964902639389
1.3736935356010993
1.631043150780412
0.05662170805347463
0.1099856559371498
1.21289568162368
0.014443955391955872
1.4394264701521025
0.05356151597419133
3.4837563770396325
0.040878974138953104
0.01733483800974985
0.030558045332630474
0.03029791257188966
0.058543449093122035
0.017930935179659477
0.03245727354272579
1.4487954914259413
0.019385082577355207
0.013560402432146172
1.1729433698696083
0.9508068072066332
0.03910186851086716
0.05788450824717681
0.019140118647677205
0.014506076159887017
0.023958563548512758
1.1540540127820955
0.01828089084010571
0.01651355518649022
2.749771272779132
2.2849228288047017
0.8376373399863951
0.05266809381234149
0.02482762456444713
0.018490822496823968
0.03650255446943144
0.04843509749819835
1.9581480090195933
0.04195288181072101
0.03177736669313162
0.9491689342937509
0.02038299754882852
1.461641725342876
1.7781502218567766
1.7004793950278934
0.01742482346793016
1.2351693729520776
0.06915910771737496
0.021809541379722457
0.07804364455708614
0.0262097121119344
0.01268915602316459
0.02942644724001487
0.0407960913842544
0.03627499515423551
0.03982032253406942
1.60292715371858
2.7177511508372847
0.037384375495215255
2.083998916926794
0.0467663892544806
0.03173883352816726
0.9017534604373698
0.029308798272783557
0.01477250830309155
1.206754939017507
2.441716819178934
0.04526178151136264
1.4230219320006048
0.021436980333722506
1.1195677321714659
1.693054721892501
0.03313691346362854
2.133191876873995
0.020827742277955016
1.2279062305538295
0.05902771879530822
0.01264028858859092
0.025790586652389418
0.01850074528871725
0.051854951561351
1.7492792554044476
1.1649957294653481
1.7003809044409233
1.4921557215352854
0.043575181091243094
0.027744415464500585
0.04175505860087772
1.9878403219316776
0.03263708148927738
1.5503416217339692
0.044544307080407936
0.02116140495054424
0.036766212980728595
2.5079965159374598
0.08332181080089261
0.023868449043948203
1.1666156296579477
0.022199025466882936
1.5663832769457562
0.025749181816354393
0.04010727612767369
0.014092827076092362
1.6264420576548824
0.05026266624530156
0.0940524809062481
0.03504891478805803
0.021193045443700004
0.01692797055778404
1.5822505347042655
0.021551738151659568
0.047345350773927444
0.024017025848540166
1.3880078050851201
0.029900871935145307
0.02267160153326889
1.6949686399350563
1.6751427853208345
3.6625134458687776
3.776458843331784
0.024974334496073426
0.05166295780606257
0.024069855499935025
1.1423464882963648
1.6683896227894972
0.07546460957576831
0.03327481122687459
1.4101323325148163
0.02296440867551913
0.028890395009269317
0.06843091157109787
3.283425319256882
0.055066555133089425
1.5972053755035935
1.405903139419388
0.02109497037405769
0.015894594974815844
1.3456489139430536
0.03349329748113329
1.3296497655333952
0.032752735912799834
0.03014261055504903
0.01992793350170056
0.02389277776237577
0.046397180886318286
0.029609633865766226
0.033985900110565126
0.014695770774657528
0.013089128863066435
0.04611532503040507
0.1031155467305022
1.064424373069778
0.03752061115422597
2.8152717951103114
0.028272306608657042
0.012993067145968477
0.026764529664069413
0.011976525171970327
1.4157560930160495
0.033253090005988875
0.028705225434775154
0.021121133202298855
1.2224220621089141
0.05062171748722903
0.021049508700768153
0.7388261961285025
0.030758244187260666
0.024428794571819405
1.455041196096378
0.033114697120618077
0.04253317428908
0.021407641352076703
0.03709457479805375
3.9751479445025324
0.05742887813442697
1.1027165584421406
0.8921622897575919
0.01540807430089141
0.017547095992874042
0.01879378597950563
0.038994435193793225
0.042094866978004575
0.015151800867170096
0.022621838046082605
0.027423190862949316
0.017032274087735763
0.03461530749142791
3.2168606040611243
0.02589014751429204
3.403944217285607
1.9069466847305496
1.4310929091802487
0.018954470683820546
1.4465346990386023
1.177806122379843
1.826291041285731
3.038049430504907
0.038280784358115244
0.04984165521260972
0.03415843195980415
0.0143987829835775
0.0162319514201954
0.02888317803541819
0.03354449775069952
0.024068623705534264
0.03609966284905871
0.022557605050193767
0.0336287946983551
0.029240683873649687
0.052060511948851244
1.4643825143187617
0.02840456608682871
0.0290158484034085
3.212763621219589
0.04642528755357489
1.103114147206846
1.5463133671941856
0.03183787326949338
1.5338235222889731
1.1641557173871357
2.2210349684658772
0.018386144873996577
0.017270842770813033
0.09056941204859564
0.02728619958894948
0.04388998275389895
0.016420591335433225
1.3609367061173543
1.1783295440720394
0.029479842404058824
1.6328727503821332
0.05333239300331722
0.020582373226837567
0.023405154406403502
0.054247803097435585
0.07167853489518165
0.015937149703192214
0.018701823870651425
0.021681970485951753
0.014462622720748186
0.03246443181609114
0.043022864090744406
0.017343633579245458
0.017616088214951257
0.03535345430330684
0.027601355162914842
0.012662492890376598
0.05098143064727386
0.050552539063695195
0.0306930395134259
0.013751359229596952
1.6131974355395262
1.2598379720157633
0.029447205814843377
0.03414575740656194
1.8489308756155272
0.03019672488250459
0.025198883148065458
1.1367266109174428
5.506360180714789
1.1790608456047873
1.4526309966963404
1.3325231363686423
0.016385497187729924
0.01850442954261477
0.02301102322138225
0.036095069938649735
0.044719778133245805
0.042253917275229466
0.039078669948503376
0.05899245797190815
0.05087343899067491
1.1194893404142932
2.870698409837981
0.012205469437564414
2.2749922511866316
0.02148578071889157
0.033708200549396376
1.4011436790771161
0.02037157295271754
0.0951440274870644
0.01736284543100434
0.0675984155619517
0.030810084690650306
1.7806461889937055
0.7232220356119796
0.036184522494052844
0.03200779358545939
0.022282482637092472
0.027695716463495047
0.04978462710472134
0.030619623597400884
0.03058247878604258
0.012795485400905212
1.0952796818533292
1.5355346496178148
1.8380460214277263
1.5414774761457617
0.0261900025914656
0.013811380127056813
0.9061223230635126
0.028248935049244514
0.03440185749980931
0.02706483790340523
0.02473717837516839
0.015124475385528057
5.15429081619562
4.3641626912207965
0.028704620882247886
0.026134517816050598
0.022674738774852207
0.025982244910361867
0.036587009703119594
0.02915569779773553
0.023235935290964942
0.018506713603467992
0.05269360186066478
1.1689231795685677
1.634850231197197
0.02774945137401422
0.015659894871835906
0.030665241251699626
0.02798741081884752
1.4459865633922164
0.037685806346902
1.5380183217736583
0.03259609332502199
0.01810604640825962
0.045986955851549285
1.2716961358906702
0.024069498238774637
0.03544467540535455
0.033218333470479894
0.03003239168319851
0.07012306987307966
0.026753437387136123
1.5755236938382344
0.024093095407200355
0.033841442728104694
3.3153484285149415
1.183891859689417
1.199822289737252
0.043632632268903154
0.03711185562230336
0.016961904902321596
1.5230150706910839
0.026538686403849474
0.028541643742937595
0.01602058163844049
2.4799738410743886
0.06384413340128958
0.04147609769133851
0.014073689045229305
0.020814117500170443
0.8180876807076857
1.7719060665694997
0.024713967841429017
0.018271215739271915
0.03979183725314215
1.0862736808291327
0.01677309200555707
0.020597425654220083
0.018952713425581653
1.5265227439289446
0.0497680856885078
1.7793467434938066
1.3561314795787136
0.0223356753665333
0.03775875664626559
0.09697822148445993
0.04805356818639363
0.03306856439060842
0.0271196607965976
2.5577833537594414
0.027268304962975283
0.01888497786906858
1.241612642033336
0.03456217823162054
1.9687524425253893
0.02981174432206899
0.02176724867313169
1.2919892056883933
0.022259143584718307
0.018749707549189528
1.1411217207321898
0.9513249329136063
1.0074144038759794
0.03944560790356869
0.9815378634026274
1.2840432004770264
0.050355226771595575
0.3925889156099098
0.026531519345007838
0.03524339948004732
0.024558800489952168
0.061846244292488944
0.02078171172955384
0.039419839003433786
0.03431163610657677
1.4749596924559834
0.04175471083726734
0.03515286410693079
0.011303092876914889
0.04542280422368397
1.308716264301135
0.028336571015339967
1.2903531404444948
1.4754785535798873
0.020124897275430462
0.029995276604313403
0.04708300619386137
0.026638608740177004
0.019115238826877125
2.136444784111033
1.4325045690095672
0.025279586929051825
1.000776117046674
0.01887769390984128
2.726311628334224
0.017252926982473583
0.029664622091998657
0.03781872263643891
2.1296789306371164
0.031005104867896687
1.5809736902204652
0.11892395972584685
0.03270770385861397
0.01965987153816968
0.05280370539209495
1.5371527202504998
0.02836955590949704
0.021093257130511727
0.03851551036156404
0.02618196131661534
0.02287550886394456
0.016197336319601165
0.0653260151312376
0.03950980566247987
1.6659902587979256
0.9302298019523733
1.7629300274808581
2.1864806718425824
1.37464641535092
0.8391436717744606
1.5509155625632653
1.612387294562844
0.026862925861496478
0.03212211767677218
1.5443225587679383
0.03439751989208162
0.7375717765341202
0.015957547774693617
1.8010962169772635
0.04949344894848764
1.160265450156294
0.04110900926558922
1.454812530668763
1.9259845087731569
0.052068135375157
0.019940567121375354
0.027680879753703872
1.2622717611006615
0.023342685191892087
1.9030753171847512
2.5636671481246593
0.044571172989284
0.032457129145041105
0.013869041214153792
0.0726397613955972
0.021876150098008414
0.022503528972932448
0.04077524485376974
0.015135299530811608
0.032360115981039904
0.024149033954987922
0.039987242338247596
0.04166084200454255
0.013836848891029756
1.7582565636645693
0.02898645542251567
0.027369215128904518
1.426642758550588
0.07156690822157544
1.0590044090456407
0.03954135094148417
1.388165388504664
0.019171119892659287
2.4775068232168755
0.028887158865109085
0.03773676185131383
1.3393090661459912
0.1397409749411357
3.21210820703612
1.7513375376273568
0.016366557838288522
0.014980459321911136
0.04670158769004047
0.033465588294590516
0.048063543951138855
1.3839169242458107
1.2719107284210622
0.04439461670311478
0.014102528488729149
1.4093714304966851
0.03012267839318762
0.024085382015133897
1.1582533308692897
0.04907462833216414
1.5269713541686845
1.9244803415456166
2.7627215958937694
0.012297436732721205
0.01728656768488387
2.6393790730314017
0.018880716156369697
0.025640983051077152
0.060093599402656156
0.02434575845254585
1.3395077830684992
1.6002746414276772
0.06355913415318355
1.1475085230563613
0.020013167362776585
0.9206253890297376
0.025570366873095433
0.04161487404877941
0.04156916913343593
0.037066221113006274
0.021096181652198235
0.03468571176442007
0.056169721689851335
0.014558057708200067
0.06743358875780056
1.6424988526579303
0.011573177758449068
0.02015542146594574
0.027086905776135
1.2277743838572255
0.024862401319357255
0.03276092328208809
0.03888487997464836
1.5447062552363302
0.01364982696638132
0.015293590823421254
0.021993415315713114
1.1208155436518912
0.021787621717279156
1.3703452890350794
0.8065809255931526
0.018942087710214158
2.2491440684204766
2.418141648072439
0.023626696155406534
0.8796694063348696
0.03173245604460438
1.4517292759691676
0.018320028520732497
0.021609700069529936
1.4381660218544614
0.979080072780683
0.022369713545776902
0.020693130108217397
0.0331067687831819
0.023053228839611015
0.014188130529752622
0.030296032930103443
0.05962841829750687
1.1903528764436486
2.023933167895302
0.02928497310883055
1.9282059987609197
1.0086617581080646
0.03867901892711719
3.0744341394631194
2.0369319069432095
0.027045521058607847
0.02053836097572154
0.08718949388712645
0.03981652352182816
0.02710334586445242
0.03158640200078177
0.01945174268912524
0.02129053195628027
0.0329748323536478
0.008931056968867779
1.3846701792130867
0.030058571649715305
0.028990544805613656
0.015040361873495082
0.027666732179932298
0.011495509250865628
0.018908650358207525
2.859679084686407
0.07323841475105534
0.026553078923219193
2.300989234385391
2.578305273402172
0.012115369644016027
0.05872875742691879
1.2613725969257454
0.02709083623873691
0.016966532434647283
1.5037197103141806
0.0508089718176052
0.02744459072127938
0.033612388283169516
0.039681693341117354
0.024775875398578742
0.03225892463233322
5.615755438199267
0.03010172923095524
1.910460403650844
0.03489115530004104
0.02116452659635494
0.06267455262131989
2.0251815743356323
2.3746909898211017
0.04576909146271646
1.6884118534585772
1.4728743604384362
0.03620205147696349
0.022887311992235482
1.4713089805368023
0.010234065741921464
0.0343217393849045
3.0509367968460235
1.3546180117332065
0.03580976202695941
0.026026993015936264
1.472987144938088
0.03203902345073099
0.06789989815248797
1.8880503707254925
0.01578420652852704
0.028449950244976208
0.05377000387137135
0.024248871859163044
0.0328951110287259
2.8547641020889083
0.9691969632559145
0.017134093776500475
0.028238192557667692
0.9218422532314434
0.05198947968116651
0.020759027792761724
0.015941486100200564
0.06096237652624647
1.190188692091033
0.03900682046272171
0.03640312554392343
0.02075007950576643
0.04292677994041393
0.030077281524427235
0.02829030621505808
3.276551555840221
1.528277570164452
0.04874672507867217
0.01793838825154429
0.02911433595387886
0.01678326327043275
0.03805823396639122
0.024859577568713577
0.03553266253923842
0.02475504612084478
1.2804507916870838
0.04202662017972519
0.02261414978808413
1.6581050818087533
0.02249010975162188
0.04687112489094337
0.04279164818775219
1.2158612721405613
0.025685233659654236
0.022431071527535096
0.025475758479054398
0.021702792619665463
0.02735921568237245
0.053263228150899525
1.2925682066784552
0.8834528437660386
0.0222363538069961
0.01701220963926365
0.029067449364811183
0.026716687223718814
3.6574869449133987
0.03861396868014708
0.027709883554295326
0.023346369550563396
1.6999530192930252
0.05244764603363971
1.959887269247944
0.024979028078572205
0.040381323592737314
0.01860946574791645
2.4635171739122597
0.015163762925658375
0.023714089839874455
1.4428601603440863
4.106438725123493
0.015097819994358967
0.015748641822331894
0.021231575473211705
0.014899399954204758
1.4569584515042757
0.03505893191322684
1.8230109523593758
1.9915403339080513
0.8637755467634027
0.04916407274625575
3.470972857666978
0.016336076483518504
0.06307328200588623
0.019920997742641097
0.03099367781736267
0.03230494244489819
0.030087174118186035
0.03552322859565417
0.018527602939866484
0.02346821081203719
0.025984337273985147
0.02392116639918337
2.0716065150336362
1.2865405299312747
0.027988241457690795
0.018637656117789447
0.024696963947887222
2.279016124239812
0.055622398853302
1.3931976151963075
0.04831998026929796
1.8087524042387182
0.01725512323124955
0.019962842320092024
0.01795406879391521
0.018982640793547036
0.06161266476071129
0.06365059872623532
0.04805924756219611
0.0366977008835723
1.3115690714679658
0.7567823198546345
1.3997000394389034
1.6880370335226569
0.01966159138828516
1.273275173959943
0.034193264522279304
0.9420228814589791
0.0579630422561119
0.032858487823978065
0.06442905681518217
0.022095958585850894
0.01207707323289166
0.04378371528970699
0.031038667572041354
0.030414602734769383
1.480630779331841
0.06382694117492065
1.1282670331536793
0.024047504066644857
0.042718246183358136
0.01906191265055289
0.019256356257634857
0.04576661107906451
0.019308689073659478
0.026911607508858047
2.8681448853031424
1.5210054361882308
0.6340779430388163
1.79896829474795
0.023972641919196274
1.5426684499698846
0.020746950616012328
0.031369281676597895
0.036319199359665315
0.941058714495739
1.6574119494607051
0.061185801937244835
1.8478421606812239
0.021635898773092778
0.025504348372730117
0.0170465679684033
0.08534587665538614
0.04058315574269121
0.013613530531680832
1.0889336770478015
0.033046406755844755
1.1717495862501286
0.04735903239731366
0.07209838900404672
1.3316047393833288
0.027653062801497676
0.023276947310660035
0.02593886952381581
0.018275878330071767
0.9690019918838516
0.04586056684687113
1.645698335991862
1.911521997768432
0.062228780589066446
0.024024043457272153
0.023293302751456697
1.3296440073599418
0.02024377944956844
1.3474189216891925
0.025066117845320455
0.030298014326641958
0.030917030389537102
0.03346078131192674
0.026143606705591082
0.01884013635960097
0.029197855642996727
0.04165413066123923
0.021343256067484617
0.07755393627254913
0.0671031983278226
2.923436177781938
0.04234647685273861
0.01903092861175537
0.03624257834938665
0.02966027472478648
0.03172968770765389
0.02311833391043668
0.034760675656919676
0.03479077451241513
1.9532680562154079
0.03634030860072623
0.9623775834722134
0.021094708633609117
0.023647264468794067
0.8147980324535941
0.023339386113608876
0.027888550442488242
2.2793867422500624
0.037311211701792975
1.419541911179355
0.02612910894288992
2.6099395428861802
0.0415678751654923
0.024096225229247162
0.02479472706618253
0.7646626726568987
0.015418724141394098
0.013835450952562193
2.0810611605852802
0.06244838054699357
0.027108903632809718
0.04277801407345881
0.049615953722968696
3.545082894247025
0.02857113232506284
3.096452943941889
0.02829901227572312
2.9944544095157957
2.4912977707843917
0.029409388681718458
1.367202996534373
2.998994752256355
1.4842863581812709
0.018705234963757297
1.9304801008974513
0.029379670810885727
1.0906664232412975
0.013485785313726713
0.04386570438509807
0.020388274391492208
0.011625155938478808
1.3083245794133593
0.025048791609394053
0.0196322408465979
0.02306396756321192
0.04913927216063409
0.04003534656173239
0.050739665284830454
0.02019195882603526
0.03288579143118113
1.3647889081000661
1.245279385879015
0.042683459748513994
0.0421608074568212
1.5268934612240022
0.04504099984187633
0.013402017650272076
0.036304659047164026
1.813795827969443
0.023849603704487285
0.046611692944619185
0.033362517474840085
0.03786057302883516
1.3851056033900628
0.021490753822339077
0.03620153846374403
0.020685893464057397
0.04523267791373655
0.02989308676527192
0.019554089832430083
0.028679378613984834
0.028385289870978644
0.024255647490887593
2.135595421780211
0.020773633553956946
1.2425822706970697
0.058138334991720816
1.3271874094187903
0.013787296577356755
0.02012465651690339
0.07021495683584363
0.020372812682762743
0.034034450406519076
0.02015128676624348
1.76342212423527
0.013311129641563942
0.028293310742204387
0.009589862984527523
0.016774912017475194
0.06585760839128246
2.2372127845611733
1.1580363328995493
0.04029620918057238
0.04137427374177302
0.020143582539943358
0.0433638512971811
1.3763493431421618
0.014753907530878982
2.290327027370222
0.02554857061865429
1.4881838370929472
0.01173715111023436
1.3983330518162498
0.045297284024612354
2.552922726981342
0.04611554759709786
0.02210704709868878
0.018963253853144124
3.1424600459208403
0.036938214239974815
0.03224328436578314
4.92242644369447
1.6614356332768996
0.036277577300400786
0.04140135925651218
0.04789069421822205
1.2728418726008386
0.056351125434351466
0.023775148442170272
1.8688140723737887
0.02375147247221321
1.6950100712284135
1.2275940445018931
0.06554566049793115
0.03517075764636199
0.7767264901078306
0.022283570538274945
1.7511661209709322
1.65607371351216
0.022828319831751286
0.019088932607943813
1.3031332684215158
0.03265919042751193
0.030702311287556464
0.022633512830361725
0.08812110082944855
3.7535028190972906
0.027894989983178676
0.037430188855311526
2.902705363285107
0.044221336774838464
0.048366454592905936
0.04433678103378043
0.01576186202776929
0.013553791085723788
1.4900865178283615
1.7757333214006696
1.2244243476792083
0.06929607170459348
0.02999527317006141
0.04889510117160777
0.021235546640430886
0.04083386973167459
0.025518142540628713
0.04288889771172156
0.06158513893994192
0.043334029025087754
1.1132058635198823
0.060017561384787164
0.06726207888374726
0.01948327454738319
1.4450649113510736
0.020226361881941556
0.0234489246387966
1.1203697035089135
1.5792093343955154
0.940835919083717
0.021113596693612634
0.017026162698554496
0.619090935397738
1.6989946355189507
0.07276310025287482
2.059562734491192
0.041883223596960305
0.012880712968762965
0.024895954287300508
0.010068651393521578
0.0389740573707968
1.478965783227856
0.022786277260941765
1.422810534098729
0.05247991259675473
3.2935107806891515
0.018871882716969896
0.04472561250052725
0.01912972639935712
0.012853560464767119
0.05583709473721683
0.018670372490305454
0.01801998799201101
1.622136764942358
0.019121298100799322
1.012801778894694
1.2046929695953925
0.01159871102621158
0.031159749194436395
3.1787131147808396
1.2887705062302606
0.06113627564627677
0.044622645263249675
3.3510008759098127
0.02476578060692797
1.0301566799733943
1.6844230563670863
0.02832441751767571
0.03168615493147323
0.11056318542299172
2.192768260394223
0.0447521024189579
0.019940502538035313
0.04416075614280999
0.04571608388020346
0.047239177551819014
2.1623405668806908
0.02965745929007729
1.2682089566485957
0.019867963925935327
1.5544916298395643
0.07006026398157701
0.043700644102257984
1.9040858453682934
0.02388661470419417
1.5981783868938995
0.028121359673483916
0.03960206694367419
0.028945614339318127
2.7578956162867447
0.020126280832725267
0.019937419580916563
1.6670587145180131
0.042558641169064985
1.2150163893587886
0.06427833350996176
0.02449942577513866
0.05079931759973988
0.2894095330363295
0.016248172748601065
0.04862942519442489
1.2973408351380689
1.1431989546283148
0.0655290740619724
0.03547425693056236
0.01929039759755445
1.0857526529657966
0.024532745173200966
0.6862141914083623
0.03812117129564285
0.045546723595665146
0.01146774433242778
0.028479723648827834
0.03263651365414262
0.020159988879458978
0.016037196239146092
0.02358823549778511
3.113698992924765
0.021054760611150414
0.030773249384947122
0.03132938802203474
0.02322777365334332
0.023881712282309307
0.07320435444125906
1.8313184150067778
1.2755325222659546
1.0351921532516524
0.044345492993791896
0.025772801569352546
1.2591304312246696
0.027882251131813973
0.020683812986438472
0.027147230443855128
0.052678233167777457
0.04373209998205615
1.440147679268072
1.4472820108310165
1.8815979747567326
2.965910894641032
0.02897115461916352
0.9176705641342172
3.3850510947483903
0.020983468438498677
1.2567339728974427
0.03548777584607402
0.02675901574160283
1.4483472112915479
0.030486949905753135
0.023266328716029724
0.022949078946840017
1.4239641361986286
0.03334269370728483
0.04457689855868618
0.04706069213182976
0.03251509059530993
0.016771343164145948
0.021456077264156194
0.08135799502100174
1.4024944399367087
0.03315263261708121
0.06144821482400099
0.02289499746596751
0.0297382622375153
2.506699914881028
1.0771027388904864
0.03992376381453747
0.05233452819520608
0.03759118885888408
1.149757378816139
0.019052166732338567
0.0331937594145226
0.021012061609265706
0.017248511345436177
0.02385059909429401
0.02305387055190901
2.690401740934855
0.04241521270790448
0.03107898176725333
0.03288933652996396
0.034468373446725306
0.027421101161356393
0.07656667913155009
0.02498383205772067
2.7257404568178267
1.6956696108914913
0.03424428288514415
2.122804808158738
0.08462268211102734
0.011260099901119248
1.9555533428598817
0.9831331735632072
0.04166038454374454
0.0248994443002933
1.311212632622725
1.6156740691745655
0.04191893913472692
0.05840080302829544
0.03839230037604769
1.1949790244029523
0.056637249881168826
0.040415503069137534
3.071477960568154
0.0166942156967707
0.04274766565455745
0.9905058389801221
0.0826906553353183
0.027374418692973752
0.015733931834499042
0.015165147336665541
0.0315745996311307
0.018956703203730284
0.035651757296485204
1.567646479868563
0.023184824114044506
1.9621076691003205
0.03570903945364989
0.9389330660536265
0.017085841577500104
0.04502958375184486
0.05418664796743542
0.026765001898941893
0.0310586385972177
0.03438931461423635
0.9328193852600332
1.313401079546505
0.04876938310141365
1.257734738996563
1.704666791507043
0.01824950040318072
0.0136147036915645
0.07878725990497817
0.0357929325895384
2.104474131859994
2.688465999474283
0.0390751323546283
0.03130885330028832
1.0901802227599546
0.019148070795927195
1.4466846860091513
0.02476223565948506
0.01859922523920735
0.02183343341263632
0.023478424455970526
1.2957587516556184
0.023640982853248716
0.043444467879210906
1.2938241836071636
0.03901537441803763
0.023921443931370353
1.662435648109143
0.03367103860752347
0.02487911165226251
0.028673609747784212
0.048892887751571835
1.624643947246174
3.167614552328208
0.043195262326238056
0.02266219004523009
1.8854706212412566
0.015447930987769117
1.5965749364404473
0.8564594448854526
0.02846706418398147
1.4950492127410446
1.1604275907855481
0.05330883301018427
0.03804251718102023
0.02068518285329143
0.030616091457583632
0.021085583115927876
1.2055723573081196
0.013950659315257023
1.4015369055676274
0.051986528680815054
0.01713657065896162
1.1585510403305912
0.04560515685006976
0.025676848972216247
0.027181820488961724
0.06794818445729713
2.1139279455994258
0.025187105181006093
0.02658356900404518
0.04763742550664271
1.3014163659885525
0.03646701005442689
0.046672931720968334
1.2244274941292437
0.03631041342547784
0.030764892584799478
1.5324165651817263
2.067215519130696
1.443576276677777
0.03878121127684911
1.9677397004910744
0.020282724872231483
1.3823645980252575
0.02425049215865632
0.01854048560683926
1.6669757725050052
0.036408432864118365
0.01892239589554568
2.7887965953860356
0.01949565880931914
1.4039066191219414
0.016704585977519552
1.4780007116574174
0.020520900684641675
1.5494778112314331
0.022343384831522903
0.030801048316061497
0.05543811604535828
1.1967868632481744
1.8467142772239944
0.06403654368865924
1.1799046996980906
0.0550935514329467
0.05973124676966109
0.02610880716238171
0.03890140771012132
0.02706326722012212
0.021248988636458913
1.1681549053251123
0.021434248987740528
0.030999558453913778
0.02116681227926165
0.03206978472104917
1.4630746242202197
0.028740158618893473
0.05726578563723403
0.028252715920098127
0.035748652211623266
0.023924706837472817
1.9858443114363278
0.011450719235775371
3.569448191750174
0.028730103420093654
0.0708988428581506
0.021013965787521252
0.03426167179519932
0.8647498569140831
2.077675651985919
0.03427960929693654
0.01573704108595848
1.1872910580364988
1.345066966364781
0.026760095769229036
0.06575912600383163
0.014386609965004026
0.01655904030194506
0.033845697343349454
0.04568513390064861
2.5993548706173897
0.07362005658214912
0.016817153703110915
0.030315118657502655
0.05166377996404966
1.0377432035670304
0.027386141075597455
2.3931929350791807
0.01862434229115024
1.2789257310020428
1.6924317996599711
0.04673186582804192
0.04569919590527813
0.02841846252946804
2.558525456705441
0.024947155080735684
1.1478643848686867
0.02263088567027201
2.357599971233867
0.02903567210305482
1.1063846847120051
0.022175368035095743
1.2176937492098658
0.019002791511593387
0.022492902399972082
2.371121379119965
0.02076583741387973
0.01758983558199058
0.020385871819841365
2.6786378220422193
0.022625785196820895
0.02910565270964677
0.03195102479852115
0.03400153846499355
0.03866046352001528
0.042027997631036366
0.027893037395551802
0.029384095753387858
0.9711864780401811
1.2394578560449494
0.050908947417822974
0.07152590283658355
0.04785730278429886
0.024590833723777905
0.05256531091872603
0.027989518855853626
1.3443485372195332
0.01728479963785503
0.023043866680624584
1.3912771970499307
0.01924490160648323
0.04455202302585046
1.0610209294594823
0.016275747132021935
1.7690070833195932
2.506266015799095
0.02582784372692307
1.2229738451812107
0.03806982976384461
1.100774674443528
0.025882764331375558
1.4363830113938698
1.623454543899667
0.0197744456352666
0.019102727179415524
0.03726685700433639
0.04500954115743904
0.017965953735013803
1.4965094996228194
0.028285014241312943
1.369927115936298
0.017457449506036938
2.3348513421214494
0.02149728974327445
0.012548035472476234
1.051722017598028
0.015968357038218528
0.04976045659471614
0.020185694075189532
0.026534630660898985
0.026814903338284544
0.046391175962829344
0.06975431352232893
0.036416338694592314
0.05874926990363747
1.0158445222361479
0.03918924068954463
2.2853505302104167
0.044795562792569396
0.022454467547746996
1.7664893659840648
1.3510613502003253
1.426604399116089
0.011502454325091093
1.215179347495238
0.02132692448794842
0.019652681132235252
1.1877278486965224
1.732305919212134
0.014786293377013256
0.8110613593676438
0.06459333057864569
1.0239357219349283
0.034758430494305985
0.034558928781189026
0.025326045924642434
0.033791520083711175
0.031773356235741325
0.03609708612978769
1.3307137896617254
0.02284136723028496
0.04283578253816813
0.015362960430017362
0.01276521529071033
2.60837372498742
0.013703975888590018
0.030363993137143552
0.01609991400813063
2.5129495743041237
0.03552362783423935
1.041071810713038
0.027833945272141135
0.025998662253065654
0.07120897372757705
1.420830425961564
0.021846951101906598
1.3973415074132693
1.4995489384435738
0.03169241655850783
0.013043708891685431
0.027043314963035907
0.03418114581145346
0.02834658384672366
1.3923561846915011
1.2925638137579274
1.4582766362077868
0.024552599231052834
0.01682988729250307
0.017764862712162235
0.014667598115435491
0.03470071071448425
0.021863527790022392
0.030566171531487878
1.5881874018329352
0.047251312139754496
0.018197467831972364
0.021691283552596967
0.03053932369997104
1.3487131156104928
0.02815324045853534
0.0344182771203729
0.019920923033108315
0.0427800538794448
0.045024663660054406
0.010541013348847628
0.023990578064695
0.08098769119824283
3.601624521892518
0.6166289710750182
0.02901502447978904
0.021419482911005615
0.014600686829847593
0.011368315170208613
0.020926410635001957
2.798476554003234
0.02404481884247313
0.019850673022059104
1.0164842649828643
0.03984742111254794
0.031981110374908896
0.018169566267170013
0.06382842293630044
3.4315949043414244
0.032426403368784426
0.019717255894405147
1.4434513866940202
0.02085707280396794
1.737448509565244
0.020571235693447914
0.041921362405021985
2.752418142921912
0.03970471490950634
0.026035881228744985
1.2901884240408739
0.7304507973312866
0.04539531335855524
0.01654465767205693
0.04513548642086486
0.01992648497107439
0.021247075241990387
1.3865266352251637
0.018253853742498903
2.2830816785106434
0.030401622216838103
0.023909867221179108
1.6765912969140724
0.025269061032061776
2.0868205831715994
1.4611209358282697
1.347820511557317
1.533291184467574
0.018700830853777006
0.026011377402270833
5.059676778588133
0.03861993517105778
2.109253328530273
1.1301606756014129
0.0368456950566421
0.034481938315245014
0.05002261979971081
0.017411286193722238
0.029146936755084122
0.02729223364343246
1.265057018796991
0.0820388932324325
0.018247023667208852
0.012728085314544538
0.04511200587730855
1.1055201005210014
0.04886249081852535
1.2598224577493966
1.2199088322891234
0.0381081382278353
0.01540675451979041
0.031207436016605545
0.017785122618079185
0.017962963390164077
0.015595409072314699
0.02198586888456096
1.284898519118239
0.025757483765482904
0.032586119673214856
1.9594146723936623
2.8895848219360536
0.030373183234284323
0.04296929407476758
1.2977796039078384
0.03215805779909715
0.027059984540877245
0.04901775541948154
0.8865903002462194
0.014881383813917636
0.04563998558248083
0.036589855599837996
0.027628586551873013
1.9237033386249096
0.04450189654404919
0.024744063957283895
1.9915352184635897
1.6629165880925332
0.046623489543950805
0.01656240881032621
1.6996695132382835
0.02854881212115288
0.05142106890367965
0.04823343378957361
3.026766833756119
0.024390426153937977
2.0809851433344497
0.033088225285367416
0.018183201997696113
0.015899751102551818
0.027338795984784763
1.5958830275922082
0.0349761970496426
0.028600998502224684
5.813955798058305
0.03140010461987307
0.026812732733863715
1.4075190338073298
1.4516809004591777
0.06521316728321835
0.012124337628483773
1.441442712629214
0.020653057505842298
0.8878484803562363
1.8428658712655306
0.035602996275216965
0.026313089889784654
0.02598478998988867
0.03729070380019645
0.022824743413366377
1.3810125727361688
1.5791884082796364
0.042397148837335405
0.07659395680141946
0.029156810825224967
0.052621567951670535
1.3316991563032692
1.2465356199691693
0.02171511436657359
0.03667124669300392
0.012357561096238593
0.9384235762059688
1.6396952019655147
1.7142520923982374
0.02434981753467582
0.02053550793013225
1.5070898939933006
0.03427834047470242
