0.17389152110883246
0.1925008843296781
0.1735221238938053
0.1864874425185709
0.17644560832330666
0.17864461875485832
0.1772527938888103
0.17197992507245352
0.17641235947111644
0.17317763623496107
0.17030907419195135
0.17413463580378
0.178631995477671
0.17917521397750583
0.18772537651134838
0.1732918376007922
0.17656205824144755
0.1839836019225332
0.17819958920603443
0.17576357466063347
0.17762227876731693
0.18287331917905167
0.17218215245368407
0.17382080475213918
0.1718407467647267
0.18457397832707698
0.182744709462807
0.1885471898197243
0.17068514459449904
0.17302798982188294
0.18145189792888952
0.17051798459472828
0.1794926153628719
0.17818772971444727
0.1704714114071666
0.17944546611967746
0.17832909245122985
0.17139622107423397
0.17881637559216573
0.17309867119027425
0.17545473848113807
0.17624602332979852
0.18516685520361992
0.1763624796776702
0.17050919377652052
0.1826984239168846
0.1799844291881945
0.17419263656278708
0.17679949040979545
0.169958236001982
0.18397227330598387
