0.5411753225688605
0.5695519183876308
0.5116365762985683
0.5670001978173969
0.5815193550436599
0.5972161969651819
0.5349212249393607
0.6063433361605118
0.6120745706217472
0.5922740527311157
0.5125470534464419
0.5909229047865356
0.5755775397732329
0.5888061932152907
0.5876163496607276
0.6289058330297796
0.5133393424246055
0.5276979940579175
0.5695779400978402
0.5431810388331407
0.5714291876108022
0.5218661825061132
0.5741426517555285
0.5452396657391774
0.5426864318389557
0.5472787364588604
0.5620511579169841
0.6115548024239397
0.5858861669327488
0.5693145951100509
0.5776715621439852
0.5495721734531409
0.6224742980035303
0.5473568569457958
0.5760896096380754
0.5860534647095388
0.5582286744495326
0.6076869934387751
0.5550160021781168
0.5044219472911
0.5698598869342777
0.5581074750541075
0.5718088477127514
0.572701661796608
0.5543179567168495
0.5560808543222729
0.5670326709512534
0.5559335663641823
0.5201194706412232
0.5223019592920105
0.6063587193196739
